"","date","Hospital_Intake_Proven","Hospital_Intake_Suspected","IC_Intake_Proven","IC_Intake_Suspected","IC_Current","ICs_Used","IC_Cumulative","Hospital_Currently","IC_Deaths_Cumulative","IC_Discharge_Cumulative","IC_Discharge_InHospital","Hospital_Intake","IC_Intake","Hosp_Intake_Suspec_Cumul","IC_Intake_Suspected_Cumul"
"1",2020-02-27,2,2,1,0,7,4,7,40,0,0,0,4,1,2,0
"2",2020-02-28,3,0,0,1,8,5,8,43,0,0,0,3,1,2,1
"3",2020-02-29,1,0,0,0,9,4,9,43,0,0,0,1,0,2,1
"4",2020-03-01,6,1,2,0,11,5,11,50,0,0,1,7,2,3,1
"5",2020-03-02,9,1,0,0,10,5,11,60,0,0,1,10,0,4,1
"6",2020-03-03,6,0,1,0,12,6,13,65,0,0,1,6,1,4,1
"7",2020-03-04,8,2,3,0,15,8,16,74,0,2,1,10,3,6,1
"8",2020-03-05,10,0,1,1,15,8,18,82,0,2,1,10,2,6,2
"9",2020-03-06,14,1,4,0,19,11,22,96,0,2,2,15,4,7,2
"10",2020-03-07,6,3,3,0,21,12,25,105,0,3,1,9,3,10,2
"11",2020-03-08,13,5,6,0,27,16,31,121,2,3,1,18,6,15,2
"12",2020-03-09,20,5,5,1,31,18,38,143,2,3,2,25,6,20,3
"13",2020-03-10,22,5,9,0,37,19,47,164,2,3,2,27,9,25,3
"14",2020-03-11,39,4,8,0,46,21,57,201,4,3,2,43,8,29,3
"15",2020-03-12,51,4,23,0,67,28,80,248,5,3,2,55,23,33,3
"16",2020-03-13,64,4,13,0,78,31,94,308,5,4,2,68,13,37,3
"17",2020-03-14,52,3,17,0,94,39,112,347,6,6,5,55,17,40,3
"18",2020-03-15,60,8,27,0,118,47,140,391,10,6,8,68,27,48,3
"19",2020-03-16,125,19,32,0,146,53,173,510,15,7,9,144,32,67,3
"20",2020-03-17,127,13,34,0,175,56,209,595,17,7,12,140,34,80,3
"21",2020-03-18,154,16,50,0,224,60,263,716,22,10,13,170,50,96,3
"22",2020-03-19,215,26,57,1,281,68,327,897,29,10,15,241,58,122,4
"23",2020-03-20,203,25,82,0,356,70,414,1047,34,12,21,228,82,147,4
"24",2020-03-21,184,12,72,3,424,70,495,1125,47,14,28,196,75,159,7
"25",2020-03-22,219,17,71,1,477,70,569,1226,52,17,30,236,72,176,8
"26",2020-03-23,395,26,98,1,568,72,669,1526,69,19,42,421,99,202,9
"27",2020-03-24,392,24,107,0,648,73,781,1758,76,22,48,416,107,226,9
"28",2020-03-25,421,24,114,1,747,74,900,1969,88,26,58,445,115,250,10
"29",2020-03-26,419,34,104,1,832,74,1012,2175,110,36,60,453,105,284,11
"30",2020-03-27,523,34,112,1,919,74,1130,2407,124,42,75,557,113,318,12
"31",2020-03-28,287,25,99,2,986,74,1235,2340,141,46,91,312,101,343,14
"32",2020-03-29,237,20,88,1,1036,74,1328,2301,167,57,102,257,89,363,15
"33",2020-03-30,395,27,127,3,1125,74,1461,2448,186,66,121,422,130,390,18
"34",2020-03-31,288,39,107,0,1188,74,1571,2405,218,82,129,327,107,429,18
"35",2020-04-01,279,43,71,1,1205,75,1645,2307,238,100,138,322,72,472,19
"36",2020-04-02,315,42,88,2,1250,75,1743,2310,261,114,151,357,90,514,21
"37",2020-04-03,292,54,76,0,1278,75,1822,2305,294,136,159,346,76,568,21
"38",2020-04-04,177,23,62,2,1280,74,1887,2121,313,149,177,200,64,591,23
"39",2020-04-05,205,20,72,1,1301,75,1963,2083,335,158,198,225,73,611,24
"40",2020-04-06,285,59,60,0,1309,75,2025,2188,353,180,212,344,60,670,24
"41",2020-04-07,191,52,55,0,1311,75,2083,2062,386,201,243,243,55,722,24
"42",2020-04-08,188,32,55,0,1282,76,2142,1936,402,225,257,220,55,754,24
"43",2020-04-09,170,35,50,0,1278,75,2193,1769,413,253,262,205,50,789,24
"44",2020-04-10,192,38,48,0,1283,75,2242,1691,442,279,270,230,48,827,24
"45",2020-04-11,130,23,26,2,1249,75,2271,1514,457,298,290,153,28,850,26
"46",2020-04-12,120,36,34,1,1231,75,2306,1460,470,314,317,156,35,886,27
"47",2020-04-13,147,37,44,0,1218,76,2352,1466,492,329,344,184,44,923,27
"48",2020-04-14,145,36,33,2,1190,76,2388,1486,501,378,338,181,35,959,29
"49",2020-04-15,106,20,22,1,1165,76,2412,1399,519,429,337,126,23,979,30
"50",2020-04-16,104,24,28,0,1133,76,2441,1292,536,477,324,128,28,1003,30
"51",2020-04-17,135,26,25,0,1104,76,2467,1255,555,521,327,161,25,1029,30
"52",2020-04-18,73,18,18,0,1057,76,2485,1118,569,543,344,91,18,1047,30
"53",2020-04-19,75,15,19,0,1027,76,2505,1090,585,549,366,90,19,1062,30
"54",2020-04-20,99,30,25,1,1008,76,2532,1137,604,604,352,129,26,1092,31
"55",2020-04-21,105,34,20,0,972,76,2554,1108,625,654,352,139,20,1126,31
"56",2020-04-22,80,25,14,0,916,77,2569,1031,642,697,346,105,14,1151,31
"57",2020-04-23,87,43,16,0,876,77,2585,996,656,742,325,130,16,1194,31
"58",2020-04-24,76,31,17,1,859,76,2604,951,668,801,296,107,18,1225,32
"59",2020-04-25,38,26,13,0,829,76,2618,823,678,818,301,64,13,1251,32
"60",2020-04-26,37,27,13,0,806,76,2631,792,691,825,319,64,13,1278,32
"61",2020-04-27,55,25,14,0,782,76,2645,788,702,835,335,80,14,1303,32
"62",2020-04-28,83,33,14,1,761,76,2660,816,706,882,323,116,15,1336,33
"63",2020-04-29,55,25,11,0,733,76,2672,756,712,918,323,80,11,1361,33
"64",2020-04-30,57,25,18,0,708,76,2690,732,723,957,313,82,18,1386,33
"65",2020-05-01,50,16,9,0,673,76,2699,682,726,996,316,66,9,1402,33
"66",2020-05-02,26,15,9,0,633,76,2708,597,736,1011,316,41,9,1417,33
"67",2020-05-03,35,11,10,0,620,76,2719,583,741,1018,328,46,10,1428,33
"68",2020-05-04,57,22,11,1,610,76,2731,628,747,1057,325,79,12,1450,34
"69",2020-05-05,28,9,3,0,569,76,2734,545,753,1069,340,37,3,1459,34
"70",2020-05-06,51,21,5,0,542,73,2740,562,758,1105,332,72,5,1480,34
"71",2020-05-07,44,16,8,1,521,72,2750,536,766,1141,328,60,9,1496,35
"72",2020-05-08,53,24,7,0,489,72,2757,530,770,1175,317,77,7,1520,35
"73",2020-05-09,29,7,5,0,467,72,2762,475,776,1184,325,36,5,1527,35
"74",2020-05-10,22,19,4,1,450,72,2767,464,778,1187,334,41,5,1546,36
"75",2020-05-11,41,25,7,1,444,73,2775,495,785,1224,333,66,8,1571,37
"76",2020-05-12,23,29,2,0,402,71,2777,470,788,1265,311,52,2,1600,37
"77",2020-05-13,34,27,3,1,384,71,2781,447,792,1298,307,61,4,1627,38
"78",2020-05-14,22,22,8,2,360,71,2791,424,795,1326,295,44,10,1649,40
"79",2020-05-15,31,26,3,0,343,71,2795,410,801,1361,274,57,3,1675,40
"80",2020-05-16,16,6,7,1,328,70,2804,358,802,1371,273,22,8,1681,41
"81",2020-05-17,28,12,4,0,323,70,2809,373,802,1375,278,40,4,1693,41
"82",2020-05-18,36,22,4,0,317,70,2813,414,803,1407,281,58,4,1715,41
"83",2020-05-19,14,12,1,1,284,67,2815,388,805,1438,263,26,2,1727,42
"84",2020-05-20,29,17,2,0,273,66,2818,382,810,1467,250,46,2,1744,42
"85",2020-05-21,14,7,2,0,252,66,2820,344,814,1473,256,21,2,1751,42
"86",2020-05-22,28,18,4,0,241,66,2825,368,817,1505,240,46,4,1769,42
"87",2020-05-23,12,7,3,0,224,63,2828,328,818,1508,243,19,3,1776,42
"88",2020-05-24,18,13,7,0,223,63,2835,326,820,1508,253,31,7,1789,42
"89",2020-05-25,31,22,1,0,213,62,2836,357,821,1530,257,53,1,1811,42
"90",2020-05-26,25,15,4,0,190,62,2840,356,823,1548,251,40,4,1826,42
"91",2020-05-27,18,14,3,1,175,58,2844,332,824,1572,236,32,4,1840,43
"92",2020-05-28,14,12,1,0,167,57,2845,306,826,1601,218,26,1,1852,43
"93",2020-05-29,23,13,1,2,157,56,2848,306,829,1621,206,36,3,1865,45
"94",2020-05-30,20,5,2,0,147,54,2850,287,829,1628,201,25,2,1870,45
"95",2020-05-31,7,7,3,0,148,54,2853,278,829,1628,208,14,3,1877,45
"96",2020-06-01,12,7,4,0,145,53,2857,284,831,1628,211,19,4,1884,45
"97",2020-06-02,18,16,1,0,141,53,2858,304,831,1653,203,34,1,1900,45
"98",2020-06-03,16,9,4,1,129,50,2863,297,836,1673,188,25,5,1909,46
"99",2020-06-04,13,18,5,0,125,52,2868,290,838,1691,172,31,5,1927,46
"100",2020-06-05,9,9,3,0,123,51,2871,272,838,1701,164,18,3,1936,46
"101",2020-06-06,3,6,2,0,122,51,2873,238,840,1703,165,9,2,1942,46
"102",2020-06-07,3,9,3,0,121,50,2876,236,840,1705,165,12,3,1951,46
"103",2020-06-08,9,8,0,1,121,49,2878,241,840,1721,157,17,1,1959,47
"104",2020-06-09,9,9,2,0,113,48,2880,223,840,1732,150,18,2,1968,47
"105",2020-06-10,5,6,2,0,110,48,2882,205,841,1745,141,11,2,1974,47
"106",2020-06-11,14,12,1,0,106,48,2883,210,842,1756,136,26,1,1986,47
"107",2020-06-12,7,4,3,0,103,47,2886,202,843,1764,131,11,3,1990,47
"108",2020-06-13,4,4,2,0,101,45,2888,180,844,1764,131,8,2,1994,47
"109",2020-06-14,2,5,0,0,100,44,2888,176,846,1765,130,7,0,1999,47
"110",2020-06-15,5,4,1,0,99,44,2889,179,847,1783,122,9,1,2003,47
"111",2020-06-16,7,6,2,0,91,44,2891,177,849,1788,121,13,2,2009,47
"112",2020-06-17,5,10,0,0,84,42,2891,171,850,1794,121,15,0,2019,47
"113",2020-06-18,2,13,1,0,77,41,2892,175,851,1801,121,15,1,2032,47
"114",2020-06-19,3,10,0,0,71,38,2893,174,852,1811,113,13,0,2042,47
"115",2020-06-20,4,5,2,0,69,38,2895,157,853,1811,116,9,2,2047,47
"116",2020-06-21,4,9,0,0,65,36,2895,160,854,1811,116,13,0,2056,47
"117",2020-06-22,6,8,3,1,68,38,2899,167,855,1816,118,14,4,2064,48
"118",2020-06-23,6,7,1,0,61,35,2900,162,856,1822,117,13,1,2071,48
"119",2020-06-24,3,12,1,1,57,34,2902,161,857,1829,113,15,2,2083,49
"120",2020-06-25,8,8,1,0,54,33,2903,165,857,1835,112,16,1,2091,49
"121",2020-06-26,3,5,0,0,49,31,2903,164,858,1839,112,8,0,2096,49
"122",2020-06-27,0,1,0,0,45,29,2903,140,859,1839,115,1,0,2097,49
"123",2020-06-28,3,9,0,0,41,28,2903,146,859,1839,115,12,0,2106,49
"124",2020-06-29,7,6,0,0,41,28,2903,157,859,1845,112,13,0,2112,49
"125",2020-06-30,2,4,2,0,40,27,2905,143,859,1851,109,6,2,2116,49
"126",2020-07-01,3,3,0,0,36,25,2905,135,859,1853,108,6,0,2119,49
"127",2020-07-02,4,3,1,1,37,26,2907,130,860,1857,106,7,2,2122,50
"128",2020-07-03,4,6,0,0,34,25,2907,132,860,1865,98,10,0,2128,50
"129",2020-07-04,0,2,1,0,35,25,2908,124,860,1865,99,2,1,2130,50
"130",2020-07-05,1,5,0,0,34,24,2908,126,860,1866,99,6,0,2135,50
"131",2020-07-06,1,7,0,0,33,23,2908,135,861,1870,97,8,0,2142,50
"132",2020-07-07,3,6,1,0,31,22,2909,138,862,1873,96,9,1,2148,50
"133",2020-07-08,3,7,2,0,28,22,2911,140,862,1876,94,10,2,2155,50
"134",2020-07-09,3,7,1,0,28,21,2912,139,862,1879,91,10,1,2162,50
"135",2020-07-10,5,6,2,0,30,21,2914,145,863,1879,92,11,2,2168,50
"136",2020-07-11,2,1,0,0,27,19,2914,129,863,1879,92,3,0,2169,50
"137",2020-07-12,3,3,1,0,28,19,2915,131,864,1881,91,6,1,2172,50
"138",2020-07-13,4,5,0,0,27,20,2915,141,865,1882,92,9,0,2177,50
"139",2020-07-14,4,4,0,1,25,20,2916,140,866,1883,92,8,1,2181,51
"140",2020-07-15,1,4,1,0,24,19,2917,130,866,1887,90,5,1,2185,51
"141",2020-07-16,2,8,1,0,23,19,2918,130,866,1891,86,10,1,2193,51
"142",2020-07-17,4,3,0,0,25,18,2918,129,866,1891,87,7,0,2196,51
"143",2020-07-18,4,7,0,0,24,17,2918,131,866,1891,87,11,0,2203,51
"144",2020-07-19,4,3,1,0,26,17,2919,137,866,1891,88,7,1,2206,51
"145",2020-07-20,3,6,0,0,25,17,2919,145,866,1895,85,9,0,2212,51
"146",2020-07-21,7,4,2,0,26,17,2921,145,866,1897,86,11,2,2216,51
"147",2020-07-22,2,2,1,0,24,17,2922,136,867,1899,85,4,1,2218,51
"148",2020-07-23,8,8,1,0,23,17,2923,146,867,1901,85,16,1,2226,51
"149",2020-07-24,8,3,0,1,22,16,2924,141,867,1904,85,11,1,2229,52
"150",2020-07-25,7,4,1,0,20,15,2925,140,867,1904,87,11,1,2233,52
"151",2020-07-26,3,3,2,0,21,14,2928,143,867,1904,87,6,2,2236,52
"152",2020-07-27,4,8,4,0,25,17,2932,152,867,1906,86,12,4,2244,52
"153",2020-07-28,7,3,0,0,24,17,2932,152,868,1908,85,10,0,2247,52
"154",2020-07-29,4,6,0,0,23,16,2932,151,869,1909,85,10,0,2253,52
"155",2020-07-30,8,6,3,0,26,17,2935,153,869,1912,83,14,3,2259,52
"156",2020-07-31,7,3,3,0,28,18,2938,157,870,1912,82,10,3,2262,52
"157",2020-08-01,5,6,2,0,28,18,2940,156,870,1913,82,11,2,2268,52
"158",2020-08-02,9,2,2,0,29,19,2942,165,870,1913,82,11,2,2270,52
"159",2020-08-03,11,6,4,0,33,21,2946,177,870,1913,83,17,4,2276,52
"160",2020-08-04,7,12,3,0,35,23,2949,181,871,1914,84,19,3,2288,52
"161",2020-08-05,7,11,2,0,34,23,2951,186,871,1916,82,18,2,2299,52
"162",2020-08-06,5,6,2,0,36,25,2953,185,871,1916,82,11,2,2305,52
"163",2020-08-07,4,8,1,0,36,24,2954,189,871,1917,81,12,1,2313,52
"164",2020-08-08,10,11,1,1,38,25,2956,201,871,1917,82,21,2,2324,53
"165",2020-08-09,3,34,3,3,43,26,2962,234,872,1917,85,37,6,2358,56
"166",2020-08-10,0,7,2,0,41,25,2964,235,872,1917,85,7,2,2365,56
