"","date","cases","hospitalization","deaths","Hospital_Intake_Proven","Hospital_Intake_Suspected","IC_Intake_Proven","IC_Intake_Suspected","IC_Current","ICs_Used","IC_Cumulative","Hospital_Currently","IC_Deaths_Cumulative","IC_Discharge_Cumulative","IC_Discharge_InHospital","Hospital_Intake","IC_Intake","Hosp_Intake_Suspec_Cumul","IC_Intake_Suspected_Cumul","positivetests","positive_7daverage","new.infection","corrections","net.infection"
"1",2020-02-27,1,NA,0,2,2,1,0,7,4,7,41,0,0,0,4,1,2,0,0,NA,NA,NA,NA
"2",2020-02-28,2,NA,0,3,0,0,1,8,5,8,44,0,0,0,3,1,2,1,1,NA,NA,NA,NA
"3",2020-02-29,7,NA,0,2,0,0,0,9,4,9,45,0,0,0,2,0,2,1,5,NA,NA,NA,NA
"4",2020-03-01,10,NA,0,6,1,2,0,11,5,11,52,0,0,1,7,2,3,1,3,NA,NA,NA,NA
"5",2020-03-02,18,NA,0,9,1,0,0,10,5,11,62,0,0,1,10,0,4,1,8,NA,NA,NA,NA
"6",2020-03-03,24,NA,0,6,0,1,0,12,6,13,67,0,0,1,6,1,4,1,6,NA,NA,NA,NA
"7",2020-03-04,38,NA,0,8,2,3,0,15,8,16,76,0,2,1,10,3,6,1,14,5,NA,NA,NA
"8",2020-03-05,82,NA,0,9,0,1,1,15,8,18,83,0,2,1,9,2,6,2,44,12,NA,NA,NA
"9",2020-03-06,128,NA,1,13,1,4,0,19,11,22,96,0,2,2,14,4,7,2,46,18,NA,NA,NA
"10",2020-03-07,188,NA,1,5,3,3,0,21,12,25,104,0,3,1,8,3,10,2,60,26,NA,NA,NA
"11",2020-03-08,265,NA,3,13,5,6,0,27,16,31,120,2,3,1,18,6,15,2,77,36,NA,NA,NA
"12",2020-03-09,321,NA,3,18,5,5,1,31,18,38,140,2,3,2,23,6,20,3,56,43,NA,NA,NA
"13",2020-03-10,382,NA,4,18,4,9,0,37,19,47,156,2,3,2,22,9,24,3,61,51,NA,NA,NA
"14",2020-03-11,503,NA,5,38,4,8,0,46,21,57,192,4,3,2,42,8,28,3,121,66,NA,NA,NA
"15",2020-03-12,613,86,5,49,4,23,0,67,28,80,239,5,3,2,53,23,32,3,110,76,NA,NA,NA
"16",2020-03-13,804,115,10,58,4,13,0,78,31,94,293,5,4,2,62,13,36,3,191,97,NA,NA,NA
"17",2020-03-14,959,136,12,50,3,17,0,94,39,112,332,6,6,5,53,17,39,3,155,110,NA,NA,NA
"18",2020-03-15,1135,162,20,57,8,27,0,118,47,140,375,10,6,8,65,27,47,3,176,124,NA,NA,NA
"19",2020-03-16,1413,205,24,119,18,32,0,146,53,173,490,15,7,9,137,32,65,3,278,156,NA,NA,NA
"20",2020-03-17,1703,314,43,119,13,34,0,175,56,209,570,17,7,12,132,34,78,3,290,189,NA,NA,NA
"21",2020-03-18,2051,408,58,147,15,50,0,224,60,263,686,22,10,13,162,50,93,3,348,221,NA,NA,NA
"22",2020-03-19,2460,489,76,200,26,57,1,281,68,327,854,29,10,15,226,58,119,4,409,264,NA,NA,NA
"23",2020-03-20,2994,634,106,195,26,82,0,356,70,414,1009,34,12,21,221,82,145,4,534,313,NA,NA,NA
"24",2020-03-21,3631,836,136,173,12,73,3,425,70,496,1085,46,14,27,185,76,157,7,637,382,NA,NA,NA
"25",2020-03-22,4204,988,179,210,17,71,1,479,70,570,1182,52,17,29,227,72,174,8,573,438,NA,NA,NA
"26",2020-03-23,4749,1230,213,379,27,98,1,570,72,670,1474,69,19,41,406,99,201,9,545,477,NA,NA,NA
"27",2020-03-24,5560,1495,276,383,23,107,0,651,73,782,1705,76,23,46,406,107,224,9,811,551,NA,NA,NA
"28",2020-03-25,6412,1836,356,412,25,114,1,750,74,901,1912,88,27,56,437,115,249,10,852,623,NA,NA,NA
"29",2020-03-26,7431,2151,434,405,34,104,2,836,74,1014,2116,110,37,58,439,106,283,12,1019,710,NA,NA,NA
"30",2020-03-27,8603,2500,546,519,36,111,1,922,74,1131,2360,124,43,73,555,112,319,13,1172,801,NA,NA,NA
"31",2020-03-28,9762,2954,639,281,25,99,2,989,74,1236,2304,141,47,89,306,101,344,15,1159,876,NA,NA,NA
"32",2020-03-29,10866,3483,771,225,19,88,1,1039,74,1329,2257,167,58,100,244,89,363,16,1104,952,NA,NA,NA
"33",2020-03-30,11750,3990,864,369,27,127,3,1128,74,1462,2382,186,67,119,396,130,390,19,884,1000,NA,NA,NA
"34",2020-03-31,12595,4712,1039,279,40,107,0,1191,74,1572,2341,218,83,127,319,107,430,19,845,1005,NA,NA,NA
"35",2020-04-01,13614,5159,1173,269,42,71,1,1208,75,1646,2243,238,101,137,311,72,472,20,1019,1029,NA,NA,NA
"36",2020-04-02,14697,5784,1339,299,39,87,3,1252,75,1744,2236,261,115,149,338,90,511,23,1083,1038,NA,NA,NA
"37",2020-04-03,15723,6286,1487,276,54,76,0,1280,75,1823,2233,294,137,157,330,76,565,23,1026,1017,NA,NA,NA
"38",2020-04-04,16627,6622,1651,169,21,62,2,1282,74,1888,2047,313,150,175,190,64,586,25,904,981,NA,NA,NA
"39",2020-04-05,17851,6875,1766,193,20,71,1,1303,76,1964,2005,335,160,195,213,72,606,26,1224,998,NA,NA,NA
"40",2020-04-06,18803,7135,1867,273,58,60,0,1311,75,2026,2107,354,181,211,331,60,664,26,952,1008,NA,NA,NA
"41",2020-04-07,19580,7427,2101,181,53,55,0,1312,76,2084,1989,387,202,243,234,55,717,26,777,998,NA,NA,NA
"42",2020-04-08,20549,7735,2248,182,32,56,0,1283,76,2144,1869,403,226,256,214,56,749,26,969,991,NA,NA,NA
"43",2020-04-09,21762,7972,2396,164,35,50,0,1280,76,2195,1709,414,254,261,199,50,784,26,1213,1009,NA,NA,NA
"44",2020-04-10,23097,8197,2511,184,38,48,0,1285,75,2244,1633,443,280,268,222,48,822,26,1335,1053,NA,NA,NA
"45",2020-04-11,24413,8386,2643,122,24,26,2,1251,75,2273,1461,458,299,288,146,28,846,28,1316,1112,NA,NA,NA
"46",2020-04-12,25587,8582,2737,112,36,34,1,1233,75,2308,1408,471,316,314,148,35,882,29,1174,1105,NA,NA,NA
"47",2020-04-13,26551,8729,2823,140,37,44,0,1220,76,2354,1409,493,331,340,177,44,919,29,964,1107,NA,NA,NA
"48",2020-04-14,27419,8939,2945,138,38,33,2,1193,76,2390,1430,503,378,336,176,35,957,31,868,1120,NA,NA,NA
"49",2020-04-15,28153,9127,3134,100,21,22,1,1168,76,2414,1353,521,430,334,121,23,978,32,734,1086,NA,NA,NA
"50",2020-04-16,29214,9309,3315,100,25,28,0,1136,76,2443,1254,539,478,321,125,28,1003,32,1061,1065,NA,NA,NA
"51",2020-04-17,30449,9465,3459,127,26,25,0,1106,77,2469,1215,558,521,325,153,25,1029,32,1235,1050,NA,NA,NA
"52",2020-04-18,31589,9594,3601,68,18,18,0,1059,76,2487,1081,572,543,342,86,18,1047,32,1140,1025,NA,NA,NA
"53",2020-04-19,32655,9704,3684,70,16,19,0,1029,76,2507,1058,588,549,365,86,19,1063,32,1066,1010,NA,NA,NA
"54",2020-04-20,33405,9779,3751,92,30,25,1,1009,76,2534,1104,607,604,351,122,26,1093,33,750,979,NA,NA,NA
"55",2020-04-21,34134,9897,3916,101,34,20,0,973,76,2556,1080,628,654,351,135,20,1127,33,729,959,NA,NA,NA
"56",2020-04-22,34842,10021,4054,78,26,14,0,917,77,2571,1004,645,697,346,104,14,1153,33,708,956,NA,NA,NA
"57",2020-04-23,35729,10158,4177,78,44,16,0,876,77,2587,967,659,742,325,122,16,1197,33,887,931,NA,NA,NA
"58",2020-04-24,36535,10281,4289,74,32,17,1,859,76,2606,927,671,802,294,106,18,1229,34,806,869,NA,NA,NA
"59",2020-04-25,37190,10381,4409,33,26,13,0,829,76,2620,802,681,819,299,59,13,1255,34,655,800,NA,NA,NA
"60",2020-04-26,37845,10456,4475,34,28,13,0,806,76,2633,773,694,826,317,62,13,1283,34,655,741,NA,NA,NA
"61",2020-04-27,38245,10521,4518,51,25,14,1,783,76,2648,768,706,836,333,76,15,1308,35,400,691,NA,NA,NA
"62",2020-04-28,38416,10609,4566,80,33,14,1,761,76,2663,795,710,883,321,113,15,1341,36,171,612,NA,NA,NA
"63",2020-04-29,38802,10685,4711,51,26,11,0,733,76,2675,736,716,920,321,77,11,1367,36,386,566,NA,NA,NA
"64",2020-04-30,39316,10769,4795,54,27,18,0,708,76,2693,713,727,959,312,81,18,1394,36,514,512,NA,NA,NA
"65",2020-05-01,39791,10854,4893,49,16,9,0,673,76,2702,665,730,998,315,65,9,1410,36,475,465,NA,NA,NA
"66",2020-05-02,40236,10951,4987,26,15,9,0,633,76,2711,583,740,1013,315,41,9,1425,36,445,435,NA,NA,NA
"67",2020-05-03,40571,10995,5056,34,11,10,0,620,76,2722,571,745,1020,327,45,10,1436,36,335,389,NA,NA,NA
"68",2020-05-04,40770,11037,5082,56,23,11,2,611,76,2735,618,751,1060,325,79,13,1459,38,199,361,NA,NA,NA
"69",2020-05-05,41087,11126,5168,27,9,3,0,569,76,2738,541,757,1072,340,36,3,1468,38,317,382,NA,NA,NA
"70",2020-05-06,41319,11153,5204,48,21,5,0,542,73,2744,559,762,1108,332,69,5,1489,38,232,360,NA,NA,NA
"71",2020-05-07,41774,11192,5288,42,16,8,1,521,72,2754,534,770,1144,328,58,9,1505,39,455,351,NA,NA,NA
"72",2020-05-08,42093,11227,5359,52,24,6,0,489,72,2761,530,775,1177,317,76,6,1529,39,319,329,NA,NA,NA
"73",2020-05-09,42382,11285,5422,29,7,5,0,467,72,2766,477,781,1186,325,36,5,1536,39,289,307,NA,NA,NA
"74",2020-05-10,42627,11307,5440,22,19,4,0,449,72,2770,468,783,1189,334,41,4,1555,39,245,294,NA,NA,NA
"75",2020-05-11,42788,11343,5456,40,25,7,1,443,73,2778,498,790,1226,333,65,8,1580,40,161,288,NA,NA,NA
"76",2020-05-12,42984,11378,5510,22,29,2,1,402,71,2781,473,792,1268,310,51,3,1609,41,196,271,NA,NA,NA
"77",2020-05-13,43211,11430,5562,34,27,3,1,384,71,2785,449,796,1300,306,61,4,1636,42,227,270,NA,NA,NA
"78",2020-05-14,43481,11457,5590,21,21,8,2,361,71,2795,425,799,1328,294,42,10,1657,44,270,244,NA,NA,NA
"79",2020-05-15,43681,11492,5643,28,28,3,0,344,71,2799,412,805,1363,274,56,3,1685,44,200,227,NA,NA,NA
"80",2020-05-16,43870,11537,5670,15,6,7,1,329,70,2808,361,806,1373,274,21,8,1691,45,189,213,NA,NA,NA
"81",2020-05-17,43995,11552,5680,28,12,4,0,323,70,2813,376,806,1377,279,40,4,1703,45,125,195,NA,NA,NA
"82",2020-05-18,44141,11579,5694,35,22,4,0,317,70,2817,415,807,1410,281,57,4,1725,45,146,193,NA,NA,NA
"83",2020-05-19,44249,11613,5715,13,11,1,1,284,67,2819,389,809,1439,265,24,2,1736,46,108,181,NA,NA,NA
"84",2020-05-20,44447,11627,5748,27,17,2,0,273,66,2822,385,814,1467,253,44,2,1753,46,198,177,NA,NA,NA
"85",2020-05-21,44700,11640,5775,13,8,2,0,252,66,2824,348,818,1473,259,21,2,1761,46,253,174,NA,NA,NA
"86",2020-05-22,44888,11649,5788,25,20,3,0,240,66,2828,373,821,1506,242,45,3,1781,46,188,172,NA,NA,NA
"87",2020-05-23,45064,11659,5811,11,7,3,0,223,63,2831,332,821,1509,245,18,3,1788,46,176,171,NA,NA,NA
"88",2020-05-24,45236,11672,5822,18,13,7,0,223,64,2838,330,823,1509,255,31,7,1801,46,172,177,NA,NA,NA
"89",2020-05-25,45445,11680,5830,28,22,1,0,213,63,2839,359,824,1531,259,50,1,1823,46,209,186,NA,NA,NA
"90",2020-05-26,45578,11690,5856,24,13,4,0,190,63,2843,356,826,1549,253,37,4,1836,46,133,190,NA,NA,NA
"91",2020-05-27,45768,11697,5871,18,14,3,1,175,59,2847,332,827,1573,238,32,4,1850,47,190,189,NA,NA,NA
"92",2020-05-28,45950,11713,5903,14,11,1,0,167,58,2848,308,829,1602,220,25,1,1861,47,182,179,NA,NA,NA
"93",2020-05-29,46126,11722,5931,22,13,1,2,157,57,2851,307,832,1621,209,35,3,1874,49,176,177,NA,NA,NA
"94",2020-05-30,46257,11727,5951,19,6,2,0,147,55,2853,288,832,1627,205,25,2,1880,49,131,170,NA,NA,NA
"95",2020-05-31,46442,11735,5956,7,7,3,0,148,55,2856,281,832,1627,212,14,3,1887,49,185,172,NA,NA,NA
"96",2020-06-01,46545,11744,5962,11,7,5,0,146,55,2861,287,834,1627,215,18,5,1894,49,103,157,NA,NA,NA
"97",2020-06-02,46647,11750,5967,15,16,1,0,142,55,2862,305,834,1652,207,31,1,1910,49,102,153,NA,NA,NA
"98",2020-06-03,46733,11759,5977,16,9,4,1,130,51,2867,297,839,1672,192,25,5,1919,50,86,138,NA,NA,NA
"99",2020-06-04,46942,11771,5990,13,18,5,0,126,53,2872,293,841,1689,178,31,5,1937,50,209,142,NA,NA,NA
"100",2020-06-05,47152,11782,6005,9,11,3,0,123,51,2875,279,841,1699,170,20,3,1948,50,210,147,NA,NA,NA
"101",2020-06-06,47335,11785,6011,3,6,2,1,123,51,2878,245,843,1701,171,9,3,1954,51,183,154,NA,NA,NA
"102",2020-06-07,47574,11789,6013,2,9,3,0,122,50,2881,243,843,1703,172,11,3,1963,51,239,162,NA,NA,NA
"103",2020-06-08,47739,11794,6016,8,7,0,1,121,49,2883,246,843,1719,165,15,1,1970,52,165,171,NA,NA,NA
"104",2020-06-09,47903,11800,6031,9,10,2,0,113,48,2885,232,843,1730,158,19,2,1980,52,164,179,NA,NA,NA
"105",2020-06-10,48087,11805,6042,4,6,4,0,112,48,2889,215,844,1744,148,10,4,1986,52,184,193,NA,NA,NA
"106",2020-06-11,48251,11808,6044,14,11,1,0,108,48,2890,221,845,1754,144,25,1,1997,52,164,187,NA,NA,NA
"107",2020-06-12,48461,11813,6053,5,4,3,0,105,47,2893,212,846,1762,139,9,3,2001,52,210,187,NA,NA,NA
"108",2020-06-13,48640,11822,6057,4,5,2,0,103,45,2895,191,847,1762,139,9,2,2006,52,179,186,NA,NA,NA
"109",2020-06-14,48783,11828,6059,2,5,0,0,102,44,2895,189,849,1763,139,7,0,2011,52,143,173,NA,NA,NA
"110",2020-06-15,48948,11831,6065,4,5,1,0,100,44,2896,193,850,1780,133,9,1,2016,52,165,173,NA,NA,NA
"111",2020-06-16,49087,11834,6070,6,6,2,0,91,44,2898,191,852,1784,133,12,2,2022,52,139,169,NA,NA,NA
"112",2020-06-17,49204,11836,6074,4,6,0,0,84,42,2898,180,853,1790,133,10,0,2028,52,117,160,NA,NA,NA
"113",2020-06-18,49319,11835,6078,2,14,1,0,77,41,2899,187,854,1797,133,16,1,2042,52,115,153,NA,NA,NA
"114",2020-06-19,49426,11846,6081,3,10,0,0,71,38,2900,186,855,1807,125,13,0,2052,52,107,138,NA,NA,NA
"115",2020-06-20,49502,11846,6089,3,5,2,0,69,38,2902,169,856,1807,128,8,2,2057,52,76,123,NA,NA,NA
"116",2020-06-21,49593,11849,6090,4,11,0,0,65,36,2902,176,857,1807,128,15,0,2068,52,91,116,NA,NA,NA
"117",2020-06-22,49658,11851,6090,5,7,3,1,68,38,2906,181,858,1812,130,12,4,2075,53,65,101,NA,NA,NA
"118",2020-06-23,49722,11853,6095,5,11,1,0,61,35,2907,182,859,1816,131,16,1,2086,53,64,91,NA,NA,NA
"119",2020-06-24,49804,11859,6097,3,11,1,1,57,34,2909,180,860,1822,128,14,2,2097,54,82,86,NA,NA,NA
"120",2020-06-25,49914,11863,6100,6,8,1,0,54,33,2910,183,860,1828,127,14,1,2105,54,110,85,NA,NA,NA
"121",2020-06-26,50005,11868,6103,3,4,0,0,49,31,2910,181,861,1832,127,7,0,2109,54,91,83,NA,NA,NA
"122",2020-06-27,50074,11868,6105,0,2,0,0,45,29,2910,159,862,1832,130,2,0,2111,54,69,82,NA,NA,NA
"123",2020-06-28,50147,11871,6105,3,9,0,0,41,28,2910,165,862,1832,130,12,0,2120,54,73,79,NA,NA,NA
"124",2020-06-29,50223,11874,6107,6,7,0,0,41,28,2910,176,862,1838,127,13,0,2127,54,76,81,NA,NA,NA
"125",2020-06-30,50273,11877,6113,2,5,2,0,40,27,2912,165,862,1844,124,7,2,2132,54,50,79,NA,NA,NA
"126",2020-07-01,50335,11878,6115,3,4,0,0,36,25,2912,158,862,1845,124,7,0,2136,54,62,76,NA,NA,NA
"127",2020-07-02,50412,11878,6118,4,4,1,1,37,26,2914,153,863,1849,122,8,2,2140,55,77,71,89,-12,77
"128",2020-07-03,50487,11882,6120,4,7,0,0,34,25,2914,154,863,1854,117,11,0,2147,55,75,69,80,-5,75
"129",2020-07-04,50548,11883,6126,0,2,1,0,35,25,2915,146,863,1854,118,2,1,2149,55,61,68,75,-14,61
"130",2020-07-05,50621,11884,6127,1,7,0,0,34,24,2915,150,863,1855,118,8,0,2156,55,73,68,76,-3,73
"131",2020-07-06,50657,11884,6128,1,10,0,0,33,23,2915,162,864,1858,116,11,0,2166,55,36,62,51,-15,36
"132",2020-07-07,50694,11886,6132,2,8,1,0,32,22,2916,166,865,1861,115,10,1,2174,55,37,60,45,-8,37
"133",2020-07-08,50746,11889,6135,3,7,2,0,30,22,2919,169,865,1863,114,10,2,2181,55,52,59,66,-14,52
"134",2020-07-09,50798,11887,6137,2,8,1,1,31,21,2921,170,865,1866,111,10,2,2189,56,52,55,64,-12,52
"135",2020-07-10,50840,11888,6136,4,7,1,0,32,21,2922,176,865,1866,111,11,1,2196,56,42,50,81,-39,42
"136",2020-07-11,50921,11891,6137,1,2,0,0,31,20,2922,162,865,1866,111,3,0,2198,56,81,53,89,-8,81
"137",2020-07-12,51022,11893,6137,2,6,1,0,32,20,2923,167,866,1868,110,8,1,2204,56,101,57,102,-1,101
"138",2020-07-13,51093,11894,6137,3,7,0,1,32,21,2924,178,867,1869,111,10,1,2211,57,71,62,75,-4,71
"139",2020-07-14,51146,11892,6135,3,12,0,3,32,21,2927,184,868,1870,111,15,3,2223,60,53,65,97,-44,53
"140",2020-07-15,51252,11897,6136,1,15,1,0,31,20,2928,186,868,1872,111,16,1,2238,60,106,72,117,-11,106
"141",2020-07-16,51351,11898,6137,0,16,0,1,30,20,2929,195,868,1874,109,16,1,2254,61,99,79,125,-26,99
"142",2020-07-17,51454,11894,6138,3,15,0,2,32,20,2931,204,868,1874,110,18,2,2269,63,103,88,115,-12,103
"143",2020-07-18,51581,11895,6136,0,8,0,0,31,20,2931,207,868,1874,110,8,0,2277,63,127,94,152,-25,127
