"date","Hospital_Intake_Proven","Hospital_Intake_Suspected","IC_Intake_Proven","IC_Intake_Suspected","IC_Current","ICs_Used","IC_Cumulative","Hospital_Currently","IC_Deaths_Cumulative","IC_Discharge_Cumulative","IC_Discharge_InHospital","Hospital_Cumulative","Hospital_Intake","IC_Intake","Hosp_Intake_Suspec_Cumul","IC_Intake_Suspected_Cumul","IC_Intake_Proven_Cumsum"
2020-02-27,2,2,1,0,7,5,7,44,0,0,0,46,4,1,2,0,1
2020-02-28,3,0,0,1,8,6,8,47,0,0,0,49,3,1,2,1,1
2020-02-29,1,0,0,0,9,5,9,47,0,0,0,50,1,0,2,1,1
2020-03-01,7,1,2,0,11,6,11,55,0,0,1,58,8,2,3,1,3
2020-03-02,10,1,0,0,10,5,11,66,0,0,1,69,11,0,4,1,3
2020-03-03,8,0,1,0,12,6,13,73,0,0,1,77,8,1,4,1,4
2020-03-04,10,3,3,0,15,8,16,85,0,2,1,90,13,3,7,1,7
2020-03-05,12,1,1,1,15,9,18,95,0,2,1,102,13,2,8,2,8
2020-03-06,18,1,4,0,19,12,22,110,0,2,2,118,19,4,9,2,12
2020-03-07,7,3,3,0,21,13,25,119,0,3,1,127,10,3,12,2,15
2020-03-08,17,5,6,0,27,17,31,137,2,3,1,147,22,6,17,2,21
2020-03-09,26,5,5,2,32,19,39,161,2,3,2,176,31,7,22,4,26
2020-03-10,28,4,9,1,39,20,49,184,2,3,2,205,32,10,26,5,35
2020-03-11,43,6,9,0,48,22,59,221,4,3,2,249,49,9,32,5,44
2020-03-12,55,4,23,0,68,28,82,266,5,3,2,302,59,23,36,5,67
2020-03-13,73,6,13,0,79,31,96,333,5,4,2,378,79,13,42,5,80
2020-03-14,62,3,18,0,96,39,115,374,5,7,5,435,65,18,45,5,98
2020-03-15,70,8,27,1,120,47,144,423,7,7,6,507,78,28,53,6,125
2020-03-16,140,19,32,0,150,53,177,554,13,8,6,660,159,32,72,6,157
2020-03-17,144,13,35,0,179,56,214,640,15,8,9,801,157,35,85,6,192
2020-03-18,171,16,50,0,228,60,268,762,18,12,10,974,187,50,101,6,242
2020-03-19,249,26,59,2,287,68,335,964,26,12,12,1236,275,61,127,8,301
2020-03-20,238,27,82,1,362,70,422,1140,31,14,17,1484,265,83,154,9,383
2020-03-21,199,13,72,3,430,70,504,1223,43,16,26,1670,212,75,167,12,455
2020-03-22,236,19,72,1,480,70,578,1328,49,19,27,1898,255,73,186,13,527
2020-03-23,443,24,98,3,573,71,681,1646,66,22,39,2327,467,101,210,16,625
2020-03-24,420,25,107,1,653,73,794,1899,75,26,44,2737,445,108,235,17,732
2020-03-25,432,24,114,2,752,74,913,2114,88,31,52,3150,456,116,259,19,846
2020-03-26,433,34,104,4,838,74,1027,2309,106,41,54,3574,467,108,293,23,950
2020-03-27,556,36,113,1,927,74,1147,2572,121,47,71,4112,592,114,329,24,1063
2020-03-28,293,27,99,2,992,74,1252,2508,140,51,87,4388,320,101,356,26,1162
2020-03-29,252,19,86,3,1038,74,1344,2463,165,62,98,4617,271,89,375,29,1248
2020-03-30,437,29,126,3,1126,74,1476,2610,185,71,117,5020,466,129,404,32,1374
2020-03-31,307,42,109,1,1191,74,1589,2540,219,89,125,5313,349,110,446,33,1483
2020-04-01,312,42,72,3,1208,75,1663,2447,244,107,135,5622,354,75,488,36,1555
2020-04-02,350,41,88,3,1249,75,1760,2428,266,121,148,5959,391,91,529,39,1643
2020-04-03,330,56,76,0,1276,75,1839,2431,298,142,156,6305,386,76,585,39,1719
2020-04-04,186,24,62,3,1280,74,1905,2221,317,156,173,6475,210,65,609,42,1781
2020-04-05,225,21,72,3,1304,75,1983,2169,340,165,194,6673,246,75,630,45,1853
2020-04-06,321,56,60,1,1312,75,2046,2288,358,189,207,7010,377,61,686,46,1913
2020-04-07,204,54,55,2,1314,76,2106,2154,388,211,240,7232,258,57,740,48,1968
2020-04-08,208,32,55,0,1281,76,2165,2018,405,236,252,7438,240,55,772,48,2023
2020-04-09,187,38,50,1,1277,76,2217,1843,417,264,257,7627,225,51,810,49,2073
2020-04-10,202,38,48,1,1284,75,2268,1752,445,293,264,7835,240,49,848,50,2121
2020-04-11,132,20,26,2,1249,75,2297,1562,460,313,285,7966,152,28,868,52,2147
2020-04-12,135,33,34,1,1231,75,2333,1504,475,331,313,8118,168,35,901,53,2181
2020-04-13,166,33,43,1,1214,75,2378,1498,496,346,338,8285,199,44,934,54,2224
2020-04-14,163,37,34,2,1191,76,2415,1517,506,397,332,8460,200,36,971,56,2258
2020-04-15,117,17,23,1,1166,76,2440,1427,523,453,328,8576,134,24,988,57,2281
2020-04-16,115,23,28,2,1133,76,2470,1314,541,503,313,8692,138,30,1011,59,2309
2020-04-17,137,27,25,1,1103,77,2496,1270,559,550,313,8832,164,26,1038,60,2334
2020-04-18,78,14,19,0,1057,76,2515,1125,570,573,329,8905,92,19,1052,60,2353
2020-04-19,82,15,19,1,1028,76,2535,1099,589,579,351,8985,97,20,1067,61,2372
2020-04-20,109,24,25,1,1009,76,2562,1139,608,635,335,9092,133,26,1091,62,2397
2020-04-21,116,26,20,0,972,76,2584,1094,629,687,333,9208,142,20,1117,62,2417
2020-04-22,89,23,14,0,916,77,2599,1013,645,733,328,9307,112,14,1140,62,2431
2020-04-23,95,36,16,0,874,77,2615,971,658,780,306,9422,131,16,1176,62,2447
2020-04-24,78,26,17,1,857,76,2634,917,668,842,273,9510,104,18,1202,63,2464
2020-04-25,44,23,13,0,827,76,2648,791,682,859,278,9569,67,13,1225,63,2477
2020-04-26,43,27,13,0,803,76,2661,766,692,868,293,9628,70,13,1252,63,2490
2020-04-27,60,17,14,0,780,76,2675,751,703,877,310,9694,77,14,1269,63,2504
2020-04-28,90,29,14,1,759,76,2691,768,709,927,295,9793,119,15,1298,64,2518
2020-04-29,58,21,11,0,731,76,2703,710,715,963,296,9855,79,11,1319,64,2529
2020-04-30,62,24,17,2,707,76,2722,689,728,1006,281,9930,86,19,1343,66,2546
2020-05-01,51,11,9,0,672,76,2731,632,730,1047,283,9981,62,9,1354,66,2555
2020-05-02,27,14,9,2,634,76,2742,546,739,1062,283,10017,41,11,1368,68,2564
2020-05-03,36,10,10,0,620,76,2753,527,744,1069,297,10054,46,10,1378,68,2574
2020-05-04,58,25,11,2,611,76,2765,574,750,1112,291,10124,83,13,1403,70,2585
2020-05-05,28,9,3,0,569,76,2768,506,755,1126,305,10157,37,3,1412,70,2588
2020-05-06,59,17,5,0,542,73,2774,522,761,1164,296,10223,76,5,1429,70,2593
2020-05-07,46,14,8,1,519,72,2784,496,769,1203,290,10272,60,9,1443,71,2601
2020-05-08,53,27,7,1,488,72,2792,495,773,1239,277,10347,80,8,1470,72,2608
2020-05-09,29,7,5,0,466,72,2797,446,778,1248,285,10379,36,5,1477,72,2613
2020-05-10,25,17,4,1,448,72,2802,434,779,1251,294,10415,42,5,1494,73,2617
2020-05-11,44,23,7,1,442,73,2810,465,786,1289,292,10477,67,8,1517,74,2624
2020-05-12,25,31,2,0,400,71,2812,442,789,1332,269,10529,56,2,1548,74,2626
2020-05-13,37,30,3,1,382,71,2816,425,794,1367,267,10590,67,4,1578,75,2629
2020-05-14,25,19,8,1,356,71,2825,392,798,1394,254,10626,44,9,1597,76,2637
2020-05-15,31,23,3,1,340,71,2830,373,805,1427,235,10675,54,4,1620,77,2640
2020-05-16,17,7,7,1,324,70,2838,327,807,1436,235,10696,24,8,1627,78,2647
2020-05-17,30,12,4,0,318,70,2843,339,808,1440,239,10732,42,4,1639,78,2651
2020-05-18,36,24,4,0,312,70,2847,380,808,1472,242,10788,60,4,1663,78,2655
2020-05-19,17,13,1,1,279,67,2849,357,810,1504,222,10816,30,2,1676,79,2656
2020-05-20,31,17,2,0,269,66,2852,345,815,1535,207,10858,48,2,1693,79,2658
2020-05-21,14,7,2,0,248,66,2854,307,819,1541,213,10874,21,2,1700,79,2660
2020-05-22,32,21,4,0,237,66,2859,337,822,1574,197,10921,53,4,1721,79,2664
2020-05-23,13,8,3,0,220,63,2862,293,823,1577,201,10939,21,3,1729,79,2667
2020-05-24,18,16,7,0,219,63,2869,286,824,1577,211,10964,34,7,1745,79,2674
2020-05-25,35,21,1,0,209,62,2870,320,825,1600,215,11015,56,1,1766,79,2675
2020-05-26,25,13,4,0,186,62,2874,313,829,1621,206,11050,38,4,1779,79,2679
2020-05-27,16,13,3,1,171,58,2878,284,830,1644,191,11075,29,4,1792,80,2682
2020-05-28,16,10,1,0,163,57,2879,261,832,1675,171,11096,26,1,1802,80,2683
2020-05-29,24,14,1,2,153,56,2882,263,835,1696,158,11129,38,3,1816,82,2684
2020-05-30,20,5,2,0,143,54,2884,244,835,1703,153,11152,25,2,1821,82,2686
2020-05-31,12,8,4,0,146,54,2888,237,835,1703,160,11171,20,4,1829,82,2690
2020-06-01,15,7,4,0,143,53,2892,242,838,1703,163,11189,22,4,1836,82,2694
2020-06-02,23,17,1,0,138,53,2893,263,838,1727,156,11225,40,1,1853,82,2695
2020-06-03,17,11,4,0,125,50,2897,254,843,1748,139,11245,28,4,1864,82,2699
2020-06-04,14,19,5,1,123,52,2903,241,846,1768,121,11270,33,6,1883,83,2704
2020-06-05,9,12,3,0,121,51,2906,224,846,1778,114,11288,21,3,1895,83,2707
2020-06-06,4,5,2,0,119,51,2908,185,847,1780,115,11295,9,2,1900,83,2709
2020-06-07,4,12,3,0,118,50,2911,184,847,1782,115,11309,16,3,1912,83,2712
2020-06-08,11,7,0,0,117,49,2912,184,847,1798,108,11327,18,0,1919,83,2712
2020-06-09,9,10,2,0,109,48,2914,163,848,1810,100,11344,19,2,1929,83,2714
2020-06-10,5,6,2,0,106,48,2916,146,849,1821,92,11353,11,2,1935,83,2716
2020-06-11,14,11,1,0,102,48,2917,152,849,1833,85,11374,25,1,1946,83,2717
2020-06-12,8,4,3,0,99,47,2920,145,850,1843,79,11385,12,3,1950,83,2720
2020-06-13,4,5,2,0,97,45,2922,124,851,1843,79,11392,9,2,1955,83,2722
2020-06-14,3,5,0,0,96,44,2922,122,853,1845,77,11400,8,0,1960,83,2722
2020-06-15,5,5,1,0,95,44,2923,125,854,1863,69,11409,10,1,1965,83,2723
2020-06-16,8,9,2,0,86,43,2925,125,857,1868,68,11425,17,2,1974,83,2725
2020-06-17,7,6,0,0,78,41,2925,117,858,1874,68,11436,13,0,1980,83,2725
2020-06-18,4,12,1,0,71,40,2926,119,859,1881,68,11451,16,1,1992,83,2726
2020-06-19,4,8,0,0,66,37,2927,116,860,1889,61,11462,12,0,2000,83,2726
2020-06-20,4,5,2,0,64,37,2929,97,861,1890,64,11468,9,2,2005,83,2728
2020-06-21,4,10,0,0,60,35,2929,99,862,1890,64,11481,14,0,2015,83,2728
2020-06-22,7,8,3,0,62,37,2932,103,863,1895,66,11495,15,3,2023,83,2731
2020-06-23,6,9,1,0,55,34,2933,102,864,1901,64,11505,15,1,2032,83,2732
2020-06-24,4,11,1,1,52,34,2935,98,865,1907,60,11519,15,2,2043,84,2733
2020-06-25,9,8,1,1,51,32,2937,105,865,1912,59,11534,17,2,2051,85,2734
2020-06-26,3,7,0,0,47,30,2937,102,866,1916,59,11542,10,0,2058,85,2734
2020-06-27,1,2,0,0,42,28,2937,80,867,1916,62,11545,3,0,2060,85,2734
2020-06-28,4,5,0,0,38,27,2937,81,867,1916,62,11554,9,0,2065,85,2734
2020-06-29,8,8,0,0,38,27,2937,93,867,1920,61,11567,16,0,2073,85,2734
2020-06-30,2,7,2,0,37,26,2939,79,867,1927,57,11574,9,2,2080,85,2736
2020-07-01,3,5,0,0,33,23,2939,74,867,1930,55,11582,8,0,2085,85,2736
2020-07-02,4,3,2,1,35,26,2942,67,868,1934,53,11586,7,3,2088,86,2738
2020-07-03,7,5,0,0,32,25,2942,68,868,1942,45,11596,12,0,2093,86,2738
2020-07-04,0,3,1,0,33,25,2943,58,868,1942,47,11598,3,1,2096,86,2739
2020-07-05,2,8,0,0,31,23,2943,62,868,1943,47,11606,10,0,2104,86,2739
2020-07-06,2,5,0,0,30,22,2943,66,869,1948,44,11613,7,0,2109,86,2739
2020-07-07,3,5,1,0,28,20,2944,69,870,1951,43,11620,8,1,2114,86,2740
2020-07-08,3,7,2,0,25,20,2946,69,870,1956,39,11629,10,2,2121,86,2742
2020-07-09,6,7,1,0,25,19,2947,72,870,1960,35,11639,13,1,2128,86,2743
2020-07-10,6,6,1,0,26,19,2948,80,870,1960,37,11649,12,1,2134,86,2744
2020-07-11,2,2,0,0,24,17,2948,69,870,1960,37,11652,4,0,2136,86,2744
2020-07-12,3,4,1,0,25,17,2949,70,871,1962,36,11656,7,1,2140,86,2745
2020-07-13,4,5,0,0,23,17,2949,77,872,1963,37,11665,9,0,2145,86,2745
2020-07-14,5,7,0,0,20,16,2949,79,872,1964,37,11676,12,0,2152,86,2745
2020-07-15,2,4,1,0,20,16,2950,70,872,1967,36,11681,6,1,2156,86,2746
2020-07-16,2,8,1,0,19,16,2951,66,872,1971,32,11690,10,1,2164,86,2747
2020-07-17,6,3,0,0,19,15,2951,65,872,1971,33,11698,9,0,2167,86,2747
2020-07-18,5,8,0,0,18,14,2951,68,872,1971,33,11711,13,0,2175,86,2747
2020-07-19,7,3,1,0,19,14,2952,73,872,1971,34,11721,10,1,2178,86,2748
2020-07-20,4,5,0,1,19,15,2953,77,873,1976,30,11729,9,1,2183,87,2748
2020-07-21,6,7,2,3,22,16,2956,79,873,1978,31,11740,13,5,2190,90,2750
2020-07-22,3,1,1,0,22,16,2957,66,874,1981,29,11743,4,1,2191,90,2751
2020-07-23,9,8,1,0,20,15,2958,73,874,1982,29,11759,17,1,2199,90,2752
2020-07-24,10,0,1,1,20,16,2960,68,874,1986,29,11768,10,2,2199,91,2753
2020-07-25,9,4,1,0,17,14,2961,68,874,1987,30,11780,13,1,2203,91,2754
2020-07-26,4,3,1,0,17,14,2963,71,874,1987,30,11785,7,1,2206,91,2755
2020-07-27,4,6,4,0,21,17,2967,78,874,1988,30,11794,10,4,2212,91,2759
2020-07-28,10,3,0,0,20,16,2967,82,874,1989,29,11807,13,0,2215,91,2759
2020-07-29,4,1,0,0,19,15,2967,76,875,1990,29,11811,5,0,2216,91,2759
2020-07-30,15,3,3,0,21,16,2970,81,875,1992,27,11828,18,3,2219,91,2762
2020-07-31,10,1,4,0,24,18,2974,83,877,1992,26,11837,11,4,2220,91,2766
2020-08-01,8,4,2,0,25,18,2976,85,877,1993,26,11848,12,2,2224,91,2768
2020-08-02,10,2,2,0,26,19,2978,93,877,1993,26,11859,12,2,2226,91,2770
2020-08-03,15,4,3,0,29,20,2981,104,877,1993,27,11877,19,3,2230,91,2773
2020-08-04,8,5,3,0,31,22,2984,100,879,1994,27,11888,13,3,2235,91,2776
2020-08-05,7,3,2,0,30,21,2986,95,879,1997,24,11897,10,2,2238,91,2778
2020-08-06,10,2,2,0,32,23,2988,93,880,1998,23,11906,12,2,2240,91,2780
2020-08-07,13,2,1,0,32,22,2989,99,880,1999,23,11921,15,1,2242,91,2781
2020-08-08,16,2,1,0,32,23,2990,105,880,1999,24,11939,18,1,2244,91,2782
2020-08-09,15,6,5,1,37,27,2996,117,882,2000,27,11956,21,6,2250,92,2787
2020-08-10,15,5,4,0,36,28,3000,128,882,2001,27,11976,20,4,2255,92,2791
2020-08-11,26,7,3,1,39,28,3003,148,883,2002,29,12007,33,4,2262,93,2794
2020-08-12,17,1,4,0,39,26,3007,151,883,2003,34,12022,18,4,2263,93,2798
2020-08-13,18,9,4,0,36,26,3011,152,883,2003,35,12046,27,4,2272,93,2802
2020-08-14,11,5,6,0,41,28,3017,147,883,2004,37,12058,16,6,2277,93,2808
2020-08-15,15,4,1,0,39,28,3018,143,884,2004,39,12077,19,1,2281,93,2809
2020-08-16,15,5,4,0,40,29,3022,149,884,2005,38,12095,20,4,2286,93,2813
2020-08-17,17,10,7,2,49,32,3031,167,886,2008,39,12119,27,9,2296,95,2820
2020-08-18,9,2,2,0,44,32,3033,159,886,2011,39,12128,11,2,2298,95,2822
2020-08-19,16,2,3,0,43,30,3036,159,886,2016,38,12142,18,3,2300,95,2825
2020-08-20,23,3,5,0,44,33,3041,169,887,2019,34,12166,26,5,2303,95,2830
2020-08-21,17,10,6,0,48,33,3047,163,888,2022,34,12189,27,6,2313,95,2836
2020-08-22,10,4,0,0,44,31,3047,143,888,2022,36,12203,14,0,2317,95,2836
2020-08-23,13,1,5,0,47,34,3052,144,888,2023,36,12214,14,5,2318,95,2841
2020-08-24,10,5,1,0,47,35,3054,147,889,2024,42,12227,15,1,2323,95,2842
2020-08-25,18,5,3,0,42,30,3057,154,889,2025,43,12247,23,3,2328,95,2845
2020-08-26,11,6,0,0,40,30,3057,144,889,2030,41,12264,17,0,2334,95,2845
2020-08-27,6,3,2,1,40,29,3059,130,889,2033,42,12272,9,3,2337,96,2847
2020-08-28,11,3,0,0,37,29,3060,134,890,2038,38,12284,14,0,2340,96,2847
2020-08-29,2,3,2,0,37,28,3063,114,890,2039,37,12288,5,2,2343,96,2849
2020-08-30,8,2,3,0,42,30,3066,113,891,2039,38,12298,10,3,2345,96,2852
2020-08-31,14,6,1,0,41,29,3067,126,893,2042,38,12317,20,1,2351,96,2853
2020-09-01,13,4,2,0,37,29,3069,127,894,2045,37,12332,17,2,2355,96,2855
2020-09-02,15,9,0,0,34,28,3069,133,894,2047,37,12355,24,0,2364,96,2855
2020-09-03,7,5,4,0,36,26,3073,124,894,2050,34,12365,12,4,2369,96,2859
2020-09-04,13,7,4,0,40,28,3077,130,895,2051,36,12384,20,4,2376,96,2863
2020-09-05,15,4,1,0,37,28,3078,127,895,2052,36,12403,19,1,2380,96,2864
2020-09-06,20,9,4,0,41,30,3082,146,895,2052,37,12427,29,4,2389,96,2868
2020-09-07,26,6,2,0,41,29,3084,166,895,2052,39,12456,32,2,2395,96,2870
2020-09-08,20,5,3,0,42,27,3088,176,896,2052,43,12479,25,3,2400,96,2873
2020-09-09,30,8,2,0,41,26,3091,190,897,2054,42,12516,38,2,2408,96,2875
2020-09-10,16,7,5,0,44,27,3096,187,898,2056,40,12536,23,5,2415,96,2880
2020-09-11,41,5,6,0,49,29,3102,207,898,2057,41,12575,46,6,2420,96,2886
2020-09-12,19,3,6,0,53,30,3108,204,898,2058,42,12595,22,6,2423,96,2892
2020-09-13,21,9,4,0,55,31,3112,217,898,2058,42,12623,30,4,2432,96,2896
2020-09-14,42,10,8,1,65,33,3122,250,899,2061,42,12673,52,9,2442,97,2904
2020-09-15,37,6,5,0,66,34,3127,259,900,2065,43,12714,43,5,2448,97,2909
2020-09-16,42,16,1,0,61,35,3128,283,901,2066,45,12770,58,1,2464,97,2910
2020-09-17,47,17,4,0,61,36,3132,305,901,2071,43,12830,64,4,2481,97,2914
2020-09-18,62,5,6,0,65,37,3139,330,901,2073,43,12888,67,6,2486,97,2920
2020-09-19,45,10,13,0,76,42,3152,336,902,2075,42,12938,55,13,2496,97,2933
2020-09-20,42,5,14,0,89,44,3167,351,903,2075,45,12975,47,14,2501,97,2947
2020-09-21,65,5,11,0,98,46,3180,390,905,2077,43,13042,70,11,2506,97,2958
2020-09-22,59,12,11,0,107,49,3191,423,905,2079,44,13105,71,11,2518,97,2969
2020-09-23,75,15,11,1,116,51,3203,462,906,2084,43,13188,90,12,2533,98,2980
2020-09-24,87,24,10,0,123,55,3214,514,907,2086,44,13295,111,10,2557,98,2990
2020-09-25,63,15,18,1,138,56,3233,530,909,2090,45,13361,78,19,2572,99,3008
2020-09-26,56,11,10,2,142,58,3245,526,910,2090,50,13421,67,12,2583,101,3018
2020-09-27,59,29,15,0,151,59,3260,575,910,2091,56,13501,88,15,2612,101,3033
2020-09-28,57,71,16,2,161,62,3277,645,912,2092,66,13611,128,18,2683,103,3049
2020-09-29,2,10,6,1,153,60,3284,613,913,2092,68,13620,12,7,2693,104,3055
