"Date_statistics","Municipal_health_service","cases.today","cases.yesterday","diff"
2020-09-24,"Dienst Gezondheid & Jeugd ZHZ",81,80,1
2020-09-28,"Dienst Gezondheid & Jeugd ZHZ",132,130,2
2020-09-29,"Dienst Gezondheid & Jeugd ZHZ",116,110,6
2020-09-30,"Dienst Gezondheid & Jeugd ZHZ",127,117,10
2020-10-01,"Dienst Gezondheid & Jeugd ZHZ",133,116,17
2020-10-02,"Dienst Gezondheid & Jeugd ZHZ",194,180,14
2020-10-03,"Dienst Gezondheid & Jeugd ZHZ",183,170,13
2020-10-04,"Dienst Gezondheid & Jeugd ZHZ",176,178,-2
2020-10-05,"Dienst Gezondheid & Jeugd ZHZ",243,239,4
2020-10-06,"Dienst Gezondheid & Jeugd ZHZ",266,292,-26
2020-10-07,"Dienst Gezondheid & Jeugd ZHZ",205,226,-21
2020-10-08,"Dienst Gezondheid & Jeugd ZHZ",182,195,-13
2020-10-09,"Dienst Gezondheid & Jeugd ZHZ",208,207,1
2020-10-10,"Dienst Gezondheid & Jeugd ZHZ",188,186,2
2020-10-11,"Dienst Gezondheid & Jeugd ZHZ",165,167,-2
2020-10-11,"GGD Kennemerland",207,206,1
2020-10-12,"Dienst Gezondheid & Jeugd ZHZ",205,197,8
2020-10-13,"Dienst Gezondheid & Jeugd ZHZ",195,185,10
2020-10-14,"Dienst Gezondheid & Jeugd ZHZ",245,242,3
2020-10-15,"Dienst Gezondheid & Jeugd ZHZ",307,308,-1
2020-10-15,"GGD Kennemerland",256,254,2
2020-10-15,"GGD Regio Utrecht",737,736,1
2020-10-16,"Dienst Gezondheid & Jeugd ZHZ",322,343,-21
2020-10-17,"Dienst Gezondheid & Jeugd ZHZ",277,280,-3
2020-10-17,"GGD Kennemerland",264,263,1
2020-10-18,"Dienst Gezondheid & Jeugd ZHZ",239,240,-1
2020-10-18,"GGD Kennemerland",237,235,2
2020-10-18,"GGD Regio Utrecht",732,733,-1
2020-10-19,"GGD Kennemerland",305,306,-1
2020-10-20,"Dienst Gezondheid & Jeugd ZHZ",392,391,1
2020-10-20,"GGD Kennemerland",293,290,3
2020-10-21,"Dienst Gezondheid & Jeugd ZHZ",519,520,-1
2020-10-21,"GGD Brabant-Zuidoost",475,474,1
2020-10-21,"GGD Kennemerland",260,258,2
2020-10-22,"Dienst Gezondheid & Jeugd ZHZ",501,502,-1
2020-10-22,"GGD Brabant-Zuidoost",440,439,1
2020-10-23,"GGD Brabant-Zuidoost",511,509,2
2020-10-23,"GGD Kennemerland",246,247,-1
2020-10-24,"GGD Brabant-Zuidoost",390,388,2
2020-10-24,"GGD Kennemerland",243,239,4
2020-10-25,"GGD Kennemerland",220,222,-2
2020-10-26,"GGD Brabant-Zuidoost",490,492,-2
2020-10-26,"GGD Kennemerland",276,277,-1
2020-10-27,"GGD Brabant-Zuidoost",476,479,-3
2020-10-27,"GGD Kennemerland",204,203,1
2020-10-28,"GGD Brabant-Zuidoost",315,314,1
2020-10-28,"GGD Kennemerland",188,190,-2
2020-10-29,"GGD Kennemerland",165,167,-2
2020-10-30,"GGD Kennemerland",157,158,-1
2020-10-31,"GGD Brabant-Zuidoost",348,347,1
2020-10-31,"GGD Kennemerland",186,187,-1
2020-11-01,"GGD Brabant-Zuidoost",324,321,3
2020-11-02,"GGD Kennemerland",152,153,-1
2020-11-03,"GGD Brabant-Zuidoost",297,301,-4
2020-11-04,"GGD Kennemerland",131,133,-2
2020-11-05,"GGD Brabant-Zuidoost",215,216,-1
2020-11-07,"GGD Kennemerland",133,134,-1
2020-11-09,"GGD Brabant-Zuidoost",286,285,1
2020-11-11,"GGD Brabant-Zuidoost",293,292,1
2020-11-13,"GGD Brabant-Zuidoost",265,264,1
2020-11-15,"GGD Brabant-Zuidoost",246,248,-2
2020-11-18,"GGD Brabant-Zuidoost",289,290,-1
2020-11-20,"GGD Brabant-Zuidoost",212,211,1
2020-11-24,"GGD Brabant-Zuidoost",219,220,-1
2020-11-24,"GGD Kennemerland",144,146,-2
2020-11-26,"GGD Brabant-Zuidoost",231,229,2
2020-11-26,"GGD Kennemerland",143,142,1
2020-11-27,"GGD Brabant-Zuidoost",197,198,-1
2020-11-28,"GGD Brabant-Zuidoost",224,222,2
2020-11-30,"GGD Brabant-Zuidoost",293,290,3
2020-12-01,"GGD Brabant-Zuidoost",316,315,1
2020-12-03,"GGD Brabant-Zuidoost",330,332,-2
2020-12-04,"GGD Brabant-Zuidoost",292,293,-1
2020-12-05,"GGD Brabant-Zuidoost",337,338,-1
2020-12-06,"GGD Brabant-Zuidoost",325,324,1
2020-12-08,"GGD Brabant-Zuidoost",467,468,-1
2020-12-09,"GGD Brabant-Zuidoost",447,446,1
2020-12-10,"GGD Brabant-Zuidoost",446,447,-1
2020-12-10,"GGD Regio Twente",470,467,3
2020-12-12,"GGD Regio Twente",484,483,1
2020-12-13,"GGD Regio Twente",478,476,2
2020-12-14,"GGD Brabant-Zuidoost",575,574,1
2020-12-14,"GGD Regio Twente",601,599,2
2020-12-15,"GGD Brabant-Zuidoost",599,601,-2
2020-12-15,"GGD Regio Twente",643,638,5
2020-12-15,"GGD Regio Utrecht",1034,1035,-1
2020-12-17,"GGD Brabant-Zuidoost",529,528,1
2020-12-17,"GGD Regio Twente",568,582,-14
2020-12-17,"GGD Regio Utrecht",903,902,1
2020-12-18,"GGD Brabant-Zuidoost",500,501,-1
2020-12-18,"GGD Regio Twente",590,589,1
2020-12-18,"GGD Regio Utrecht",896,895,1
2020-12-19,"Dienst Gezondheid & Jeugd ZHZ",277,276,1
2020-12-19,"GGD Regio Utrecht",789,790,-1
2020-12-20,"Dienst Gezondheid & Jeugd ZHZ",261,260,1
2020-12-21,"Dienst Gezondheid & Jeugd ZHZ",269,266,3
2020-12-22,"Dienst Gezondheid & Jeugd ZHZ",281,278,3
2020-12-23,"Dienst Gezondheid & Jeugd ZHZ",263,259,4
2020-12-23,"GGD Rotterdam-Rijnmond",533,532,1
2020-12-24,"Dienst Gezondheid & Jeugd ZHZ",281,276,5
2020-12-24,"GGD Regio Twente",461,459,2
2020-12-25,"Dienst Gezondheid & Jeugd ZHZ",207,205,2
2020-12-26,"Dienst Gezondheid & Jeugd ZHZ",187,179,8
2020-12-26,"GGD Rotterdam-Rijnmond",433,434,-1
2020-12-27,"Dienst Gezondheid & Jeugd ZHZ",197,202,-5
2020-12-28,"Dienst Gezondheid & Jeugd ZHZ",214,219,-5
2020-12-29,"Dienst Gezondheid & Jeugd ZHZ",249,250,-1
2020-12-29,"GGD Amsterdam",376,375,1
2020-12-29,"GGD Zuid-Limburg",325,324,1
2020-12-30,"Dienst Gezondheid & Jeugd ZHZ",244,258,-14
2020-12-30,"GGD Amsterdam",322,321,1
2020-12-31,"Dienst Gezondheid & Jeugd ZHZ",262,263,-1
2020-12-31,"GGD Rotterdam-Rijnmond",446,445,1
2020-12-31,"GGD Zuid-Limburg",277,278,-1
2021-01-01,"Dienst Gezondheid & Jeugd ZHZ",203,204,-1
2021-01-02,"GGD Groningen",196,195,1
2021-01-02,"GGD Rotterdam-Rijnmond",372,374,-2
2021-01-02,"GGD Zuid-Limburg",254,253,1
2021-01-03,"GGD Rotterdam-Rijnmond",431,430,1
2021-01-03,"GGD Zuid-Limburg",257,256,1
2021-01-04,"GGD Flevoland",180,179,1
2021-01-04,"GGD Groningen",251,252,-1
2021-01-05,"Dienst Gezondheid & Jeugd ZHZ",243,241,2
2021-01-05,"GGD Kennemerland",175,174,1
2021-01-05,"GGD Regio Twente",395,394,1
2021-01-05,"GGD Zuid-Limburg",266,267,-1
2021-01-06,"GGD Flevoland",153,154,-1
2021-01-06,"GGD Haaglanden",361,360,1
2021-01-06,"GGD Zuid-Limburg",275,272,3
2021-01-07,"Dienst Gezondheid & Jeugd ZHZ",188,189,-1
2021-01-07,"GGD Brabant-Zuidoost",329,328,1
2021-01-07,"GGD Haaglanden",301,302,-1
2021-01-07,"GGD Kennemerland",144,143,1
2021-01-07,"GGD Rotterdam-Rijnmond",354,355,-1
2021-01-07,"GGD Zuid-Limburg",223,225,-2
2021-01-08,"Dienst Gezondheid & Jeugd ZHZ",168,169,-1
2021-01-09,"GGD Zuid-Limburg",228,226,2
2021-01-10,"GGD Zuid-Limburg",203,205,-2
2021-01-11,"GGD Brabant-Zuidoost",344,343,1
2021-01-11,"GGD Gelderland-Zuid",198,199,-1
2021-01-11,"GGD Hollands-Midden",303,302,1
2021-01-11,"GGD Kennemerland",155,156,-1
2021-01-11,"GGD Zuid-Limburg",273,272,1
2021-01-12,"GGD Brabant-Zuidoost",380,378,2
2021-01-12,"GGD Gelderland-Zuid",213,215,-2
2021-01-12,"GGD Hollands-Midden",240,241,-1
2021-01-12,"GGD Kennemerland",144,143,1
2021-01-12,"GGD Regio Twente",284,285,-1
2021-01-12,"GGD Zuid-Limburg",248,247,1
2021-01-13,"GGD Brabant-Zuidoost",300,297,3
2021-01-13,"GGD Gelderland-Zuid",215,216,-1
2021-01-13,"GGD Zuid-Limburg",228,230,-2
2021-01-14,"GGD Brabant-Zuidoost",301,306,-5
2021-01-14,"GGD Hart voor Brabant",351,350,1
2021-01-14,"GGD Kennemerland",103,104,-1
2021-01-16,"GGD Zuid-Limburg",249,250,-1
2021-01-17,"GGD Brabant-Zuidoost",277,276,1
2021-01-18,"GGD Hollands-Midden",220,219,1
2021-01-18,"GGD Zaanstreek/Waterland",153,151,2
2021-01-19,"GGD Hollands-Midden",202,201,1
2021-01-19,"GGD Kennemerland",144,145,-1
2021-01-19,"GGD Regio Twente",275,274,1
2021-01-19,"GGD Zuid-Limburg",209,208,1
2021-01-20,"Dienst Gezondheid & Jeugd ZHZ",141,140,1
2021-01-20,"GGD Brabant-Zuidoost",325,324,1
2021-01-20,"GGD Hollands-Midden",213,216,-3
2021-01-20,"GGD Zaanstreek/Waterland",147,148,-1
2021-01-20,"GGD Zuid-Limburg",233,232,1
2021-01-21,"GGD Brabant-Zuidoost",319,318,1
2021-01-21,"GGD Hollands-Midden",190,188,2
2021-01-21,"GGD Rotterdam-Rijnmond",265,264,1
2021-01-21,"GGD Zaanstreek/Waterland",118,116,2
2021-01-21,"GGD Zuid-Limburg",197,199,-2
2021-01-22,"Dienst Gezondheid & Jeugd ZHZ",98,99,-1
2021-01-22,"GGD Brabant-Zuidoost",319,314,5
2021-01-22,"GGD Flevoland",95,94,1
2021-01-22,"GGD Hollands-Midden",204,202,2
2021-01-22,"GGD Regio Twente",220,221,-1
2021-01-22,"GGD Zaanstreek/Waterland",139,138,1
2021-01-23,"GGD Brabant-Zuidoost",313,316,-3
2021-01-23,"GGD Regio Twente",222,223,-1
2021-01-23,"GGD Rotterdam-Rijnmond",258,257,1
2021-01-23,"GGD Zaanstreek/Waterland",131,130,1
2021-01-23,"GGD Zuid-Limburg",151,149,2
2021-01-24,"GGD Brabant-Zuidoost",236,234,2
2021-01-24,"GGD Haaglanden",206,205,1
2021-01-24,"GGD Regio Twente",208,207,1
2021-01-24,"GGD Zaanstreek/Waterland",124,125,-1
2021-01-24,"GGD Zuid-Limburg",141,140,1
2021-01-25,"GGD Brabant-Zuidoost",315,317,-2
2021-01-25,"GGD Hart voor Brabant",304,303,1
2021-01-25,"GGD Regio Twente",209,207,2
2021-01-25,"GGD Regio Utrecht",240,239,1
2021-01-25,"GGD Rotterdam-Rijnmond",299,300,-1
2021-01-25,"GGD Zaanstreek/Waterland",105,104,1
2021-01-25,"GGD Zuid-Limburg",170,171,-1
2021-01-26,"GGD Groningen",94,93,1
2021-01-26,"GGD Hollands-Midden",189,190,-1
2021-01-26,"GGD IJsselland",99,97,2
2021-01-26,"GGD Regio Twente",176,177,-1
2021-01-26,"GGD Regio Utrecht",231,233,-2
2021-01-26,"GGD Rotterdam-Rijnmond",269,268,1
2021-01-26,"GGD Zaanstreek/Waterland",102,101,1
2021-01-26,"GGD Zuid-Limburg",141,143,-2
2021-01-27,"Dienst Gezondheid & Jeugd ZHZ",96,95,1
2021-01-27,"GGD Brabant-Zuidoost",289,286,3
2021-01-27,"GGD Hollands-Noorden",225,224,1
2021-01-27,"GGD Regio Utrecht",278,277,1
2021-01-27,"GGD Rotterdam-Rijnmond",269,264,5
2021-01-27,"GGD Zaanstreek/Waterland",123,126,-3
2021-01-27,"GGD Zuid-Limburg",179,180,-1
2021-01-28,"Dienst Gezondheid & Jeugd ZHZ",89,88,1
2021-01-28,"GGD Amsterdam",167,166,1
2021-01-28,"GGD Brabant-Zuidoost",267,262,5
2021-01-28,"GGD Drenthe",96,95,1
2021-01-28,"GGD Groningen",105,104,1
2021-01-28,"GGD Haaglanden",185,186,-1
2021-01-28,"GGD Rotterdam-Rijnmond",263,262,1
2021-01-29,"Dienst Gezondheid & Jeugd ZHZ",116,117,-1
2021-01-29,"GGD Amsterdam",194,193,1
2021-01-29,"GGD Brabant-Zuidoost",262,251,11
2021-01-29,"GGD Frysl√¢n",163,162,1
2021-01-29,"GGD Haaglanden",181,180,1
2021-01-29,"GGD Hart voor Brabant",277,275,2
2021-01-29,"GGD Hollands-Midden",151,150,1
2021-01-29,"GGD Hollands-Noorden",216,214,2
2021-01-29,"GGD IJsselland",81,80,1
2021-01-29,"GGD Kennemerland",91,90,1
2021-01-29,"GGD Regio Utrecht",251,247,4
2021-01-29,"GGD Rotterdam-Rijnmond",264,263,1
2021-01-29,"GGD Zaanstreek/Waterland",103,102,1
2021-01-29,"GGD Zuid-Limburg",133,132,1
2021-01-30,"GGD Amsterdam",158,157,1
2021-01-30,"GGD Brabant-Zuidoost",233,226,7
2021-01-30,"GGD Gelderland-Zuid",166,165,1
2021-01-30,"GGD Hart voor Brabant",294,293,1
2021-01-30,"GGD IJsselland",69,68,1
2021-01-30,"GGD Limburg-Noord",148,147,1
2021-01-30,"GGD Rotterdam-Rijnmond",206,207,-1
2021-01-30,"GGD Zaanstreek/Waterland",103,106,-3
2021-01-30,"GGD Zuid-Limburg",171,170,1
2021-01-31,"Dienst Gezondheid & Jeugd ZHZ",81,80,1
2021-01-31,"GGD Amsterdam",159,158,1
2021-01-31,"GGD Brabant-Zuidoost",228,210,18
2021-01-31,"GGD Frysl√¢n",163,162,1
2021-01-31,"GGD Hart voor Brabant",255,256,-1
2021-01-31,"GGD Hollands-Midden",141,138,3
2021-01-31,"GGD IJsselland",79,78,1
2021-01-31,"GGD Limburg-Noord",158,156,2
2021-01-31,"GGD Regio Utrecht",222,223,-1
2021-01-31,"GGD Rotterdam-Rijnmond",209,208,1
2021-01-31,"GGD Zaanstreek/Waterland",100,99,1
2021-02-01,"Dienst Gezondheid & Jeugd ZHZ",137,135,2
2021-02-01,"GGD Amsterdam",192,189,3
2021-02-01,"GGD Brabant-Zuidoost",247,219,28
2021-02-01,"GGD Drenthe",108,107,1
2021-02-01,"GGD Haaglanden",191,189,2
2021-02-01,"GGD Hart voor Brabant",296,294,2
2021-02-01,"GGD Hollands-Noorden",229,227,2
2021-02-01,"GGD IJsselland",78,80,-2
2021-02-01,"GGD Kennemerland",81,79,2
2021-02-01,"GGD Limburg-Noord",202,200,2
2021-02-01,"GGD Noord- en Oost-Gelderland",156,155,1
2021-02-01,"GGD Regio Twente",151,150,1
2021-02-01,"GGD Regio Utrecht",279,277,2
2021-02-01,"GGD Rotterdam-Rijnmond",277,278,-1
2021-02-01,"GGD West-Brabant",129,128,1
2021-02-01,"GGD Zuid-Limburg",154,153,1
2021-02-01,"Veiligheids- en Gezondheidsregio Gelderland-Midden",117,116,1
2021-02-02,"Dienst Gezondheid & Jeugd ZHZ",61,59,2
2021-02-02,"GGD Amsterdam",183,178,5
2021-02-02,"GGD Brabant-Zuidoost",224,233,-9
2021-02-02,"GGD Drenthe",111,109,2
2021-02-02,"GGD Flevoland",74,71,3
2021-02-02,"GGD Gooi en Vechtstreek",49,48,1
2021-02-02,"GGD Haaglanden",191,190,1
2021-02-02,"GGD Hollands-Midden",208,206,2
2021-02-02,"GGD Hollands-Noorden",241,235,6
2021-02-02,"GGD IJsselland",82,81,1
2021-02-02,"GGD Kennemerland",96,94,2
2021-02-02,"GGD Limburg-Noord",153,152,1
2021-02-02,"GGD Noord- en Oost-Gelderland",147,146,1
2021-02-02,"GGD Regio Utrecht",231,229,2
2021-02-02,"GGD Zaanstreek/Waterland",115,113,2
2021-02-02,"GGD Zuid-Limburg",149,147,2
2021-02-02,"Veiligheids- en Gezondheidsregio Gelderland-Midden",148,145,3
2021-02-03,"Dienst Gezondheid & Jeugd ZHZ",106,103,3
2021-02-03,"GGD Amsterdam",192,187,5
2021-02-03,"GGD Brabant-Zuidoost",201,236,-35
2021-02-03,"GGD Drenthe",130,125,5
2021-02-03,"GGD Frysl√¢n",175,172,3
2021-02-03,"GGD Gelderland-Zuid",126,125,1
2021-02-03,"GGD Gooi en Vechtstreek",70,69,1
2021-02-03,"GGD Groningen",108,106,2
2021-02-03,"GGD Haaglanden",166,162,4
2021-02-03,"GGD Hollands-Noorden",213,212,1
2021-02-03,"GGD Limburg-Noord",185,184,1
2021-02-03,"GGD Noord- en Oost-Gelderland",123,121,2
2021-02-03,"GGD Regio Twente",160,161,-1
2021-02-03,"GGD Regio Utrecht",270,274,-4
2021-02-03,"GGD Rotterdam-Rijnmond",216,211,5
2021-02-03,"GGD West-Brabant",131,130,1
2021-02-03,"GGD Zaanstreek/Waterland",102,99,3
2021-02-03,"GGD Zuid-Limburg",158,157,1
2021-02-03,"Veiligheids- en Gezondheidsregio Gelderland-Midden",127,126,1
2021-02-04,"Dienst Gezondheid & Jeugd ZHZ",121,123,-2
2021-02-04,"GGD Amsterdam",196,186,10
2021-02-04,"GGD Brabant-Zuidoost",246,269,-23
2021-02-04,"GGD Drenthe",109,106,3
2021-02-04,"GGD Flevoland",44,43,1
2021-02-04,"GGD Frysl√¢n",180,177,3
2021-02-04,"GGD Gelderland-Zuid",139,136,3
2021-02-04,"GGD Gooi en Vechtstreek",54,53,1
2021-02-04,"GGD Groningen",94,92,2
2021-02-04,"GGD Haaglanden",190,182,8
2021-02-04,"GGD Hart voor Brabant",241,240,1
2021-02-04,"GGD Hollands-Midden",156,153,3
2021-02-04,"GGD Hollands-Noorden",193,191,2
2021-02-04,"GGD IJsselland",51,45,6
2021-02-04,"GGD Kennemerland",102,97,5
2021-02-04,"GGD Limburg-Noord",142,139,3
2021-02-04,"GGD Noord- en Oost-Gelderland",118,119,-1
2021-02-04,"GGD Regio Twente",129,128,1
2021-02-04,"GGD Regio Utrecht",217,209,8
2021-02-04,"GGD Rotterdam-Rijnmond",252,243,9
2021-02-04,"GGD Zeeland",55,54,1
2021-02-04,"GGD Zuid-Limburg",142,140,2
2021-02-04,"Veiligheids- en Gezondheidsregio Gelderland-Midden",91,92,-1
2021-02-05,"Dienst Gezondheid & Jeugd ZHZ",110,108,2
2021-02-05,"GGD Amsterdam",165,154,11
2021-02-05,"GGD Brabant-Zuidoost",221,216,5
2021-02-05,"GGD Drenthe",116,108,8
2021-02-05,"GGD Frysl√¢n",173,164,9
2021-02-05,"GGD Gelderland-Zuid",125,118,7
2021-02-05,"GGD Gooi en Vechtstreek",49,45,4
2021-02-05,"GGD Groningen",110,107,3
2021-02-05,"GGD Haaglanden",198,193,5
2021-02-05,"GGD Hart voor Brabant",302,293,9
2021-02-05,"GGD Hollands-Midden",154,152,2
2021-02-05,"GGD Hollands-Noorden",190,182,8
2021-02-05,"GGD IJsselland",56,54,2
2021-02-05,"GGD Kennemerland",84,82,2
2021-02-05,"GGD Limburg-Noord",141,130,11
2021-02-05,"GGD Noord- en Oost-Gelderland",104,98,6
2021-02-05,"GGD Regio Twente",118,114,4
2021-02-05,"GGD Regio Utrecht",242,231,11
2021-02-05,"GGD Rotterdam-Rijnmond",223,217,6
2021-02-05,"GGD West-Brabant",154,150,4
2021-02-05,"GGD Zaanstreek/Waterland",93,91,2
2021-02-05,"GGD Zeeland",68,67,1
2021-02-05,"GGD Zuid-Limburg",124,117,7
2021-02-05,"Veiligheids- en Gezondheidsregio Gelderland-Midden",80,79,1
2021-02-06,"Dienst Gezondheid & Jeugd ZHZ",114,109,5
2021-02-06,"GGD Amsterdam",130,112,18
2021-02-06,"GGD Brabant-Zuidoost",180,172,8
2021-02-06,"GGD Drenthe",101,94,7
2021-02-06,"GGD Flevoland",72,68,4
2021-02-06,"GGD Frysl√¢n",162,155,7
2021-02-06,"GGD Gelderland-Zuid",119,111,8
2021-02-06,"GGD Gooi en Vechtstreek",49,45,4
2021-02-06,"GGD Groningen",106,90,16
2021-02-06,"GGD Haaglanden",135,129,6
2021-02-06,"GGD Hart voor Brabant",254,243,11
2021-02-06,"GGD Hollands-Midden",126,117,9
2021-02-06,"GGD Hollands-Noorden",175,157,18
2021-02-06,"GGD IJsselland",43,45,-2
2021-02-06,"GGD Kennemerland",72,67,5
2021-02-06,"GGD Limburg-Noord",140,135,5
2021-02-06,"GGD Noord- en Oost-Gelderland",124,117,7
2021-02-06,"GGD Regio Twente",118,114,4
2021-02-06,"GGD Regio Utrecht",223,201,22
2021-02-06,"GGD Rotterdam-Rijnmond",166,136,30
2021-02-06,"GGD West-Brabant",87,84,3
2021-02-06,"GGD Zaanstreek/Waterland",81,77,4
2021-02-06,"GGD Zeeland",46,47,-1
2021-02-06,"GGD Zuid-Limburg",113,110,3
2021-02-06,"Veiligheids- en Gezondheidsregio Gelderland-Midden",88,83,5
2021-02-07,"Dienst Gezondheid & Jeugd ZHZ",60,57,3
2021-02-07,"GGD Amsterdam",116,103,13
2021-02-07,"GGD Brabant-Zuidoost",102,92,10
2021-02-07,"GGD Drenthe",82,73,9
2021-02-07,"GGD Flevoland",34,26,8
2021-02-07,"GGD Frysl√¢n",134,116,18
2021-02-07,"GGD Gelderland-Zuid",104,96,8
2021-02-07,"GGD Gooi en Vechtstreek",55,50,5
2021-02-07,"GGD Groningen",97,89,8
2021-02-07,"GGD Haaglanden",112,99,13
2021-02-07,"GGD Hart voor Brabant",135,122,13
2021-02-07,"GGD Hollands-Midden",111,101,10
2021-02-07,"GGD Hollands-Noorden",187,162,25
2021-02-07,"GGD IJsselland",35,36,-1
2021-02-07,"GGD Kennemerland",66,59,7
2021-02-07,"GGD Limburg-Noord",107,89,18
2021-02-07,"GGD Noord- en Oost-Gelderland",80,70,10
2021-02-07,"GGD Regio Twente",89,84,5
2021-02-07,"GGD Regio Utrecht",208,178,30
2021-02-07,"GGD Rotterdam-Rijnmond",152,135,17
2021-02-07,"GGD West-Brabant",94,86,8
2021-02-07,"GGD Zaanstreek/Waterland",53,45,8
2021-02-07,"GGD Zeeland",45,43,2
2021-02-07,"GGD Zuid-Limburg",97,87,10
2021-02-07,"Veiligheids- en Gezondheidsregio Gelderland-Midden",79,73,6
2021-02-08,"Dienst Gezondheid & Jeugd ZHZ",52,47,5
2021-02-08,"GGD Amsterdam",134,102,32
2021-02-08,"GGD Brabant-Zuidoost",136,121,15
2021-02-08,"GGD Drenthe",95,74,21
2021-02-08,"GGD Flevoland",42,32,10
2021-02-08,"GGD Frysl√¢n",141,116,25
2021-02-08,"GGD Gelderland-Zuid",89,63,26
2021-02-08,"GGD Gooi en Vechtstreek",46,36,10
2021-02-08,"GGD Groningen",100,77,23
2021-02-08,"GGD Haaglanden",136,100,36
2021-02-08,"GGD Hart voor Brabant",188,157,31
2021-02-08,"GGD Hollands-Midden",133,116,17
2021-02-08,"GGD Hollands-Noorden",128,103,25
2021-02-08,"GGD IJsselland",37,34,3
2021-02-08,"GGD Kennemerland",80,73,7
2021-02-08,"GGD Limburg-Noord",101,80,21
2021-02-08,"GGD Noord- en Oost-Gelderland",67,59,8
2021-02-08,"GGD Regio Twente",103,90,13
2021-02-08,"GGD Regio Utrecht",188,159,29
2021-02-08,"GGD Rotterdam-Rijnmond",164,126,38
2021-02-08,"GGD West-Brabant",111,99,12
2021-02-08,"GGD Zaanstreek/Waterland",59,61,-2
2021-02-08,"GGD Zeeland",57,48,9
2021-02-08,"GGD Zuid-Limburg",92,78,14
2021-02-08,"Veiligheids- en Gezondheidsregio Gelderland-Midden",62,51,11
2021-02-09,"Dienst Gezondheid & Jeugd ZHZ",95,87,8
2021-02-09,"GGD Amsterdam",120,95,25
2021-02-09,"GGD Brabant-Zuidoost",198,179,19
2021-02-09,"GGD Drenthe",85,54,31
2021-02-09,"GGD Flevoland",51,32,19
2021-02-09,"GGD Frysl√¢n",141,102,39
2021-02-09,"GGD Gelderland-Zuid",99,68,31
2021-02-09,"GGD Gooi en Vechtstreek",58,38,20
2021-02-09,"GGD Groningen",113,73,40
2021-02-09,"GGD Haaglanden",175,142,33
2021-02-09,"GGD Hart voor Brabant",187,146,41
2021-02-09,"GGD Hollands-Midden",176,139,37
2021-02-09,"GGD Hollands-Noorden",155,90,65
2021-02-09,"GGD IJsselland",77,62,15
2021-02-09,"GGD Kennemerland",65,50,15
2021-02-09,"GGD Limburg-Noord",99,78,21
2021-02-09,"GGD Noord- en Oost-Gelderland",103,80,23
2021-02-09,"GGD Regio Twente",87,63,24
2021-02-09,"GGD Regio Utrecht",228,179,49
2021-02-09,"GGD Rotterdam-Rijnmond",153,121,32
2021-02-09,"GGD West-Brabant",95,79,16
2021-02-09,"GGD Zaanstreek/Waterland",63,65,-2
2021-02-09,"GGD Zeeland",53,42,11
2021-02-09,"GGD Zuid-Limburg",113,88,25
2021-02-09,"Veiligheids- en Gezondheidsregio Gelderland-Midden",84,72,12
2021-02-10,"Dienst Gezondheid & Jeugd ZHZ",101,104,-3
2021-02-10,"GGD Amsterdam",97,98,-1
2021-02-10,"GGD Brabant-Zuidoost",147,136,11
2021-02-10,"GGD Drenthe",71,41,30
2021-02-10,"GGD Flevoland",31,26,5
2021-02-10,"GGD Frysl√¢n",85,56,29
2021-02-10,"GGD Gelderland-Zuid",89,68,21
2021-02-10,"GGD Gooi en Vechtstreek",37,21,16
2021-02-10,"GGD Groningen",96,58,38
2021-02-10,"GGD Haaglanden",128,97,31
2021-02-10,"GGD Hart voor Brabant",152,135,17
2021-02-10,"GGD Hollands-Midden",105,84,21
2021-02-10,"GGD Hollands-Noorden",126,67,59
2021-02-10,"GGD IJsselland",61,47,14
2021-02-10,"GGD Kennemerland",72,58,14
2021-02-10,"GGD Limburg-Noord",81,63,18
2021-02-10,"GGD Noord- en Oost-Gelderland",60,44,16
2021-02-10,"GGD Regio Twente",83,56,27
2021-02-10,"GGD Regio Utrecht",153,143,10
2021-02-10,"GGD Rotterdam-Rijnmond",142,125,17
2021-02-10,"GGD West-Brabant",72,43,29
2021-02-10,"GGD Zaanstreek/Waterland",75,64,11
2021-02-10,"GGD Zeeland",58,35,23
2021-02-10,"GGD Zuid-Limburg",87,63,24
2021-02-10,"Veiligheids- en Gezondheidsregio Gelderland-Midden",75,62,13
2021-02-11,"Dienst Gezondheid & Jeugd ZHZ",129,134,-5
2021-02-11,"GGD Amsterdam",113,181,-68
2021-02-11,"GGD Brabant-Zuidoost",205,160,45
2021-02-11,"GGD Drenthe",47,20,27
2021-02-11,"GGD Flevoland",26,21,5
2021-02-11,"GGD Frysl√¢n",53,24,29
2021-02-11,"GGD Gelderland-Zuid",53,72,-19
2021-02-11,"GGD Gooi en Vechtstreek",26,17,9
2021-02-11,"GGD Groningen",38,8,30
2021-02-11,"GGD Haaglanden",105,93,12
2021-02-11,"GGD Hart voor Brabant",118,204,-86
2021-02-11,"GGD Hollands-Midden",121,134,-13
2021-02-11,"GGD Hollands-Noorden",110,29,81
2021-02-11,"GGD IJsselland",42,48,-6
2021-02-11,"GGD Kennemerland",82,111,-29
2021-02-11,"GGD Limburg-Noord",68,23,45
2021-02-11,"GGD Noord- en Oost-Gelderland",73,63,10
2021-02-11,"GGD Regio Twente",47,36,11
2021-02-11,"GGD Regio Utrecht",133,143,-10
2021-02-11,"GGD Rotterdam-Rijnmond",183,112,71
2021-02-11,"GGD West-Brabant",50,19,31
2021-02-11,"GGD Zaanstreek/Waterland",81,98,-17
2021-02-11,"GGD Zeeland",36,12,24
2021-02-11,"GGD Zuid-Limburg",44,70,-26
2021-02-11,"Veiligheids- en Gezondheidsregio Gelderland-Midden",50,66,-16
2021-02-12,"Dienst Gezondheid & Jeugd ZHZ",93,40,53
2021-02-12,"GGD Amsterdam",111,11,100
2021-02-12,"GGD Brabant-Zuidoost",125,7,118
2021-02-12,"GGD Flevoland",21,2,19
2021-02-12,"GGD Gelderland-Zuid",56,32,24
2021-02-12,"GGD Haaglanden",112,9,103
2021-02-12,"GGD Hart voor Brabant",127,2,125
2021-02-12,"GGD Hollands-Midden",132,26,106
2021-02-12,"GGD Hollands-Noorden",8,1,7
2021-02-12,"GGD IJsselland",50,13,37
2021-02-12,"GGD Kennemerland",113,20,93
2021-02-12,"GGD Noord- en Oost-Gelderland",51,37,14
2021-02-12,"GGD Regio Twente",60,2,58
2021-02-12,"GGD Regio Utrecht",139,14,125
2021-02-12,"GGD Rotterdam-Rijnmond",109,8,101
2021-02-12,"GGD Zaanstreek/Waterland",74,44,30
2021-02-12,"GGD Zuid-Limburg",49,11,38
2021-02-12,"Veiligheids- en Gezondheidsregio Gelderland-Midden",68,11,57
