"Date_statistics","Municipal_health_service","cases.today","cases.yesterday","diff"
"2020-03-26","GGD Amsterdam",51,52,-1
"2020-07-19","GGD Zeeland",4,3,1
"2020-08-14","GGD Brabant Zuid-Oost ",26,25,1
"2020-08-16","GGD Brabant Zuid-Oost ",18,17,1
"2020-08-25","GGD Brabant Zuid-Oost ",22,24,-2
"2020-08-26","GGD Brabant Zuid-Oost ",34,33,1
"2020-08-27","GGD Brabant Zuid-Oost ",24,23,1
"2020-08-28","GGD Brabant Zuid-Oost ",26,22,4
"2020-08-31","GGD Brabant Zuid-Oost ",29,32,-3
"2020-09-01","GGD Brabant Zuid-Oost ",41,42,-1
"2020-09-02","GGD Brabant Zuid-Oost ",38,36,2
"2020-09-02","GGD Hart voor Brabant",46,47,-1
"2020-09-03","GGD Brabant Zuid-Oost ",35,36,-1
"2020-09-05","GGD Brabant Zuid-Oost ",23,20,3
"2020-09-06","GGD Brabant Zuid-Oost ",29,30,-1
"2020-09-07","GGD Brabant Zuid-Oost ",41,46,-5
"2020-09-09","GGD Haaglanden",243,242,1
"2020-09-14","GGD Limburg Noord",28,27,1
"2020-09-15","GGD regio Utrecht",207,205,2
"2020-09-15","GGD Rotterdam Rijnmond",309,308,1
"2020-09-16","GGD regio Utrecht",235,236,-1
"2020-09-17","GGD regio Utrecht",215,214,1
"2020-09-18","GGD regio Utrecht",202,200,2
"2020-09-20","GGD regio Utrecht",224,223,1
"2020-09-21","GGD regio Utrecht",270,271,-1
"2020-09-23","GGD regio Utrecht",275,274,1
"2020-09-23","GGD Rotterdam Rijnmond",423,422,1
"2020-09-24","GGD Regio Twente",81,82,-1
"2020-09-24","GGD regio Utrecht",277,276,1
"2020-09-25","GGD Amsterdam",391,390,1
"2020-09-25","GGD Hart voor Brabant",137,136,1
"2020-09-25","GGD regio Utrecht",306,301,5
"2020-09-26","GGD Amsterdam",370,371,-1
"2020-09-26","GGD regio Utrecht",300,301,-1
"2020-09-27","GGD regio Utrecht",336,339,-3
"2020-09-28","GGD Amsterdam",557,556,1
"2020-09-28","GGD Hart voor Brabant",245,244,1
"2020-09-28","GGD regio Utrecht",450,451,-1
"2020-09-29","GGD Amsterdam",559,560,-1
"2020-09-29","GGD regio Utrecht",415,416,-1
"2020-09-30","GGD regio Utrecht",444,445,-1
"2020-09-30","GGD Rotterdam Rijnmond",673,671,2
"2020-10-01","GGD regio Utrecht",518,517,1
"2020-10-01","GGD West Brabant",218,217,1
"2020-10-02","GGD Amsterdam",552,551,1
"2020-10-02","GGD regio Utrecht",579,577,2
"2020-10-02","GGD Rotterdam Rijnmond",796,798,-2
"2020-10-03","GGD Gelderland-Midden",144,145,-1
"2020-10-03","GGD regio Utrecht",554,552,2
"2020-10-04","GGD regio Utrecht",591,595,-4
"2020-10-05","GGD Gelderland-Midden",225,224,1
"2020-10-05","GGD regio Utrecht",681,682,-1
"2020-10-05","GGD Zaanstreek-Waterland",169,168,1
"2020-10-06","GGD Gelderland-Midden",206,204,2
"2020-10-06","GGD regio Utrecht",614,615,-1
"2020-10-06","GGD West Brabant",256,257,-1
"2020-10-07","GGD Haaglanden",543,542,1
"2020-10-07","GGD regio Utrecht",663,662,1
"2020-10-07","GGD Rotterdam Rijnmond",866,868,-2
"2020-10-08","GGD Gelderland-Midden",196,193,3
"2020-10-08","GGD Hollands Midden",311,309,2
"2020-10-08","GGD Rotterdam Rijnmond",894,893,1
"2020-10-09","Dienst Gezondheid & Jeugd ZHZ",247,245,2
"2020-10-09","GGD Gelderland-Midden",275,276,-1
"2020-10-09","GGD Hart voor Brabant",401,402,-1
"2020-10-09","GGD Hollands Midden",460,459,1
"2020-10-10","GGD Gelderland-Midden",282,281,1
"2020-10-10","GGD Hollands Midden",493,492,1
"2020-10-10","GGD regio Utrecht",691,692,-1
"2020-10-11","GGD Gelderland-Midden",264,259,5
"2020-10-11","GGD Haaglanden",532,531,1
"2020-10-11","GGD Noord en Oost Gelderland",234,235,-1
"2020-10-11","GGD Rotterdam Rijnmond",743,742,1
"2020-10-12","GGD Haaglanden",714,715,-1
"2020-10-12","GGD Hollands Midden",431,428,3
"2020-10-12","GGD IJsselland",160,159,1
"2020-10-12","GGD regio Utrecht",790,791,-1
"2020-10-12","GGD Rotterdam Rijnmond",981,979,2
"2020-10-12","GGD West Brabant",409,408,1
"2020-10-12","GGD Zaanstreek-Waterland",215,216,-1
"2020-10-13","Dienst Gezondheid & Jeugd ZHZ",320,321,-1
"2020-10-13","GGD Brabant Zuid-Oost ",407,406,1
"2020-10-13","GGD Gelderland-Midden",316,315,1
"2020-10-13","GGD Haaglanden",695,694,1
"2020-10-13","GGD Hollands Midden",464,455,9
"2020-10-13","GGD regio Utrecht",702,700,2
"2020-10-13","GGD Zaanstreek-Waterland",224,225,-1
"2020-10-14","GGD Gelderland-Midden",304,305,-1
"2020-10-14","GGD Haaglanden",646,644,2
"2020-10-14","GGD Hollands Midden",563,556,7
"2020-10-14","GGD IJsselland",171,168,3
"2020-10-14","GGD regio Utrecht",739,738,1
"2020-10-14","GGD Rotterdam Rijnmond",1027,1024,3
"2020-10-15","GGD Gelderland-Midden",282,283,-1
"2020-10-15","GGD Haaglanden",631,630,1
"2020-10-15","GGD Hollands Midden",413,409,4
"2020-10-15","GGD regio Utrecht",735,733,2
"2020-10-15","GGD Rotterdam Rijnmond",937,939,-2
"2020-10-16","Dienst Gezondheid & Jeugd ZHZ",279,278,1
"2020-10-16","GGD Brabant Zuid-Oost ",338,339,-1
"2020-10-16","GGD Gelderland-Midden",300,297,3
"2020-10-16","GGD Haaglanden",734,736,-2
"2020-10-16","GGD Hollands Midden",436,437,-1
"2020-10-16","GGD IJsselland",173,169,4
"2020-10-16","GGD regio Utrecht",792,794,-2
"2020-10-16","GGD Rotterdam Rijnmond",1118,1120,-2
"2020-10-17","GGD Amsterdam",817,816,1
"2020-10-17","GGD Gelderland-Midden",320,319,1
"2020-10-17","GGD Haaglanden",728,726,2
"2020-10-17","GGD Hollands Midden",463,462,1
"2020-10-17","GGD IJsselland",133,128,5
"2020-10-17","GGD Limburg Noord",233,232,1
"2020-10-17","GGD regio Utrecht",744,746,-2
"2020-10-17","GGD Rotterdam Rijnmond",978,979,-1
"2020-10-18","GGD Amsterdam",738,739,-1
"2020-10-18","GGD Gelderland-Midden",241,243,-2
"2020-10-18","GGD Hollands Midden",388,413,-25
"2020-10-18","GGD IJsselland",130,126,4
"2020-10-18","GGD Regio Twente",306,305,1
"2020-10-18","GGD regio Utrecht",734,736,-2
"2020-10-18","GGD Rotterdam Rijnmond",916,915,1
"2020-10-19","Dienst Gezondheid & Jeugd ZHZ",273,272,1
"2020-10-19","GGD Gelderland-Midden",352,349,3
"2020-10-19","GGD Haaglanden",794,796,-2
"2020-10-19","GGD Hollands Midden",529,530,-1
"2020-10-19","GGD regio Utrecht",871,867,4
"2020-10-19","GGD Rotterdam Rijnmond",1177,1176,1
"2020-10-20","Dienst Gezondheid & Jeugd ZHZ",373,374,-1
"2020-10-20","GGD Gelderland-Midden",314,311,3
"2020-10-20","GGD Haaglanden",776,773,3
"2020-10-20","GGD IJsselland",135,134,1
"2020-10-20","GGD regio Utrecht",844,847,-3
"2020-10-20","GGD Rotterdam Rijnmond",1143,1142,1
"2020-10-21","Dienst Gezondheid & Jeugd ZHZ",495,496,-1
"2020-10-21","GGD Amsterdam",721,720,1
"2020-10-21","GGD Brabant Zuid-Oost ",479,478,1
"2020-10-21","GGD Gelderland-Midden",344,345,-1
"2020-10-21","GGD Haaglanden",783,781,2
"2020-10-21","GGD Hart voor Brabant",719,717,2
"2020-10-21","GGD IJsselland",138,144,-6
"2020-10-21","GGD Regio Twente",315,314,1
"2020-10-21","GGD regio Utrecht",773,772,1
"2020-10-21","GGD Rotterdam Rijnmond",1154,1151,3
"2020-10-22","GGD Amsterdam",619,618,1
"2020-10-22","GGD Gelderland-Midden",300,299,1
"2020-10-22","GGD Haaglanden",691,689,2
"2020-10-22","GGD Hart voor Brabant",658,657,1
"2020-10-22","GGD IJsselland",119,115,4
"2020-10-22","GGD regio Utrecht",828,827,1
"2020-10-22","GGD Rotterdam Rijnmond",985,984,1
"2020-10-23","Dienst Gezondheid & Jeugd ZHZ",332,331,1
"2020-10-23","GGD Amsterdam",641,642,-1
"2020-10-23","GGD Brabant Zuid-Oost ",534,535,-1
"2020-10-23","GGD Gelderland-Midden",298,300,-2
"2020-10-23","GGD Haaglanden",704,702,2
"2020-10-23","GGD Hollands Midden",490,489,1
"2020-10-23","GGD IJsselland",134,132,2
"2020-10-23","GGD Noord en Oost Gelderland",280,279,1
"2020-10-23","GGD regio Utrecht",834,835,-1
"2020-10-23","GGD Rotterdam Rijnmond",1143,1139,4
"2020-10-23","GGD West Brabant",484,483,1
"2020-10-24","Dienst Gezondheid & Jeugd ZHZ",377,378,-1
"2020-10-24","GGD Amsterdam",629,628,1
"2020-10-24","GGD Gelderland-Midden",306,309,-3
"2020-10-24","GGD Gelderland-Zuid",246,245,1
"2020-10-24","GGD Haaglanden",629,618,11
"2020-10-24","GGD IJsselland",180,178,2
"2020-10-24","GGD Limburg Noord",239,238,1
"2020-10-24","GGD regio Utrecht",716,711,5
"2020-10-24","GGD Rotterdam Rijnmond",1081,1079,2
"2020-10-25","GGD Brabant Zuid-Oost ",440,441,-1
"2020-10-25","GGD Gelderland-Midden",281,280,1
"2020-10-25","GGD Haaglanden",594,597,-3
"2020-10-25","GGD Hollands Noorden",282,281,1
"2020-10-25","GGD IJsselland",202,210,-8
"2020-10-25","GGD Regio Twente",398,399,-1
"2020-10-25","GGD regio Utrecht",736,735,1
"2020-10-25","GGD Rotterdam Rijnmond",977,973,4
"2020-10-26","GGD Amsterdam",623,619,4
"2020-10-26","GGD Brabant Zuid-Oost ",549,548,1
"2020-10-26","GGD Gelderland-Midden",331,328,3
"2020-10-26","GGD Groningen",104,103,1
"2020-10-26","GGD Haaglanden",653,649,4
"2020-10-26","GGD IJsselland",172,181,-9
"2020-10-26","GGD Noord en Oost Gelderland",342,341,1
"2020-10-26","GGD Regio Twente",396,395,1
"2020-10-26","GGD regio Utrecht",754,756,-2
"2020-10-26","GGD Rotterdam Rijnmond",1096,1089,7
"2020-10-26","GGD West Brabant",482,481,1
"2020-10-27","GGD Amsterdam",565,564,1
"2020-10-27","GGD Gelderland-Midden",267,269,-2
"2020-10-27","GGD Haaglanden",556,566,-10
"2020-10-27","GGD Hollands Noorden",266,263,3
"2020-10-27","GGD regio Utrecht",655,660,-5
"2020-10-27","GGD Rotterdam Rijnmond",1034,1038,-4
"2020-10-28","GGD Amsterdam",522,521,1
"2020-10-28","GGD Gelderland-Midden",255,253,2
"2020-10-28","GGD Haaglanden",511,513,-2
"2020-10-28","GGD Hollands Midden",404,403,1
"2020-10-28","GGD regio Utrecht",603,602,1
"2020-10-28","GGD Rotterdam Rijnmond",993,986,7
"2020-10-29","GGD Amsterdam",466,464,2
"2020-10-29","GGD Gelderland-Midden",267,266,1
"2020-10-29","GGD Haaglanden",460,464,-4
"2020-10-29","GGD Hart voor Brabant",518,519,-1
"2020-10-29","GGD Hollands Noorden",227,224,3
"2020-10-29","GGD Kennemerland",161,160,1
"2020-10-29","GGD Regio Twente",403,404,-1
"2020-10-29","GGD regio Utrecht",554,558,-4
"2020-10-29","GGD Rotterdam Rijnmond",839,840,-1
"2020-10-29","GGD West Brabant",382,381,1
"2020-10-30","GGD Amsterdam",455,452,3
"2020-10-30","GGD Brabant Zuid-Oost ",363,362,1
"2020-10-30","GGD Frysl√¢n",99,98,1
"2020-10-30","GGD Gelderland-Midden",247,246,1
"2020-10-30","GGD Gooi en Vechtstreek",98,97,1
"2020-10-30","GGD Haaglanden",419,422,-3
"2020-10-30","GGD Hart voor Brabant",513,514,-1
"2020-10-30","GGD Hollands Noorden",240,239,1
"2020-10-30","GGD Kennemerland",155,154,1
"2020-10-30","GGD regio Utrecht",535,536,-1
"2020-10-30","GGD Rotterdam Rijnmond",803,808,-5
"2020-10-30","GGD West Brabant",355,356,-1
"2020-10-30","GGD Zaanstreek-Waterland",161,160,1
"2020-10-31","Dienst Gezondheid & Jeugd ZHZ",262,261,1
"2020-10-31","GGD Amsterdam",358,356,2
"2020-10-31","GGD Drenthe",109,108,1
"2020-10-31","GGD Groningen",82,80,2
"2020-10-31","GGD Haaglanden",382,384,-2
"2020-10-31","GGD Kennemerland",188,189,-1
"2020-10-31","GGD Limburg Noord",171,170,1
"2020-10-31","GGD Noord en Oost Gelderland",249,248,1
"2020-10-31","GGD Rotterdam Rijnmond",715,719,-4
"2020-10-31","GGD Zeeland",108,106,2
"2020-10-31","GGD Zuid Limburg",164,160,4
"2020-11-01","Dienst Gezondheid & Jeugd ZHZ",276,275,1
"2020-11-01","GGD Amsterdam",411,409,2
"2020-11-01","GGD Drenthe",80,79,1
"2020-11-01","GGD Flevoland",127,126,1
"2020-11-01","GGD Gelderland-Zuid",220,219,1
"2020-11-01","GGD Gooi en Vechtstreek",100,99,1
"2020-11-01","GGD Groningen",60,59,1
"2020-11-01","GGD Haaglanden",357,356,1
"2020-11-01","GGD Hart voor Brabant",433,435,-2
"2020-11-01","GGD Hollands Midden",307,306,1
"2020-11-01","GGD Hollands Noorden",212,211,1
"2020-11-01","GGD Limburg Noord",177,176,1
"2020-11-01","GGD Noord en Oost Gelderland",230,228,2
"2020-11-01","GGD West Brabant",356,355,1
"2020-11-01","GGD Zuid Limburg",124,123,1
"2020-11-02","GGD Amsterdam",419,411,8
"2020-11-02","GGD Brabant Zuid-Oost ",328,321,7
"2020-11-02","GGD Frysl√¢n",81,80,1
"2020-11-02","GGD Gelderland-Midden",201,200,1
"2020-11-02","GGD Gelderland-Zuid",219,218,1
"2020-11-02","GGD Gooi en Vechtstreek",106,105,1
"2020-11-02","GGD Groningen",75,73,2
"2020-11-02","GGD Haaglanden",418,414,4
"2020-11-02","GGD Hart voor Brabant",468,467,1
"2020-11-02","GGD Hollands Midden",305,303,2
"2020-11-02","GGD Hollands Noorden",220,219,1
"2020-11-02","GGD IJsselland",199,198,1
"2020-11-02","GGD Limburg Noord",192,188,4
"2020-11-02","GGD regio Utrecht",433,426,7
"2020-11-02","GGD Rotterdam Rijnmond",713,700,13
"2020-11-02","GGD West Brabant",345,342,3
"2020-11-02","GGD Zaanstreek-Waterland",157,156,1
"2020-11-02","GGD Zeeland",99,98,1
"2020-11-03","Dienst Gezondheid & Jeugd ZHZ",277,275,2
"2020-11-03","GGD Amsterdam",412,410,2
"2020-11-03","GGD Brabant Zuid-Oost ",288,287,1
"2020-11-03","GGD Flevoland",128,127,1
"2020-11-03","GGD Gelderland-Zuid",201,200,1
"2020-11-03","GGD Groningen",73,72,1
"2020-11-03","GGD Haaglanden",392,391,1
"2020-11-03","GGD Hart voor Brabant",369,366,3
"2020-11-03","GGD Hollands Midden",271,270,1
"2020-11-03","GGD Hollands Noorden",217,214,3
"2020-11-03","GGD Limburg Noord",176,175,1
"2020-11-03","GGD regio Utrecht",429,426,3
"2020-11-03","GGD Rotterdam Rijnmond",683,676,7
"2020-11-03","GGD West Brabant",303,302,1
"2020-11-03","GGD Zuid Limburg",121,119,2
"2020-11-04","Dienst Gezondheid & Jeugd ZHZ",288,287,1
"2020-11-04","GGD Amsterdam",337,325,12
"2020-11-04","GGD Brabant Zuid-Oost ",260,259,1
"2020-11-04","GGD Drenthe",99,98,1
"2020-11-04","GGD Flevoland",146,145,1
"2020-11-04","GGD Gelderland-Midden",214,213,1
"2020-11-04","GGD Gooi en Vechtstreek",91,90,1
"2020-11-04","GGD Groningen",64,62,2
"2020-11-04","GGD Hart voor Brabant",427,423,4
"2020-11-04","GGD Hollands Midden",290,284,6
"2020-11-04","GGD Hollands Noorden",204,202,2
"2020-11-04","GGD Kennemerland",136,134,2
"2020-11-04","GGD Limburg Noord",183,179,4
"2020-11-04","GGD Regio Twente",282,280,2
"2020-11-04","GGD regio Utrecht",430,426,4
"2020-11-04","GGD Rotterdam Rijnmond",601,589,12
"2020-11-04","GGD West Brabant",253,248,5
"2020-11-04","GGD Zeeland",97,96,1
"2020-11-04","GGD Zuid Limburg",127,122,5
"2020-11-05","Dienst Gezondheid & Jeugd ZHZ",214,213,1
"2020-11-05","GGD Amsterdam",318,311,7
"2020-11-05","GGD Brabant Zuid-Oost ",207,202,5
"2020-11-05","GGD Drenthe",77,76,1
"2020-11-05","GGD Flevoland",126,121,5
"2020-11-05","GGD Frysl√¢n",67,65,2
"2020-11-05","GGD Gelderland-Midden",192,188,4
"2020-11-05","GGD Gelderland-Zuid",159,157,2
"2020-11-05","GGD Groningen",59,58,1
"2020-11-05","GGD Hart voor Brabant",354,348,6
"2020-11-05","GGD Hollands Midden",277,274,3
"2020-11-05","GGD Hollands Noorden",190,186,4
"2020-11-05","GGD Kennemerland",150,149,1
"2020-11-05","GGD Limburg Noord",175,172,3
"2020-11-05","GGD Noord en Oost Gelderland",192,188,4
"2020-11-05","GGD Regio Twente",309,306,3
"2020-11-05","GGD regio Utrecht",362,356,6
"2020-11-05","GGD Rotterdam Rijnmond",535,530,5
"2020-11-05","GGD West Brabant",246,241,5
"2020-11-05","GGD Zaanstreek-Waterland",88,86,2
"2020-11-05","GGD Zeeland",88,87,1
"2020-11-05","GGD Zuid Limburg",104,102,2
"2020-11-06","Dienst Gezondheid & Jeugd ZHZ",156,154,2
"2020-11-06","GGD Amsterdam",340,323,17
"2020-11-06","GGD Brabant Zuid-Oost ",264,258,6
"2020-11-06","GGD Drenthe",79,78,1
"2020-11-06","GGD Flevoland",121,116,5
"2020-11-06","GGD Frysl√¢n",72,71,1
"2020-11-06","GGD Gelderland-Midden",167,165,2
"2020-11-06","GGD Gelderland-Zuid",167,165,2
"2020-11-06","GGD Gooi en Vechtstreek",81,82,-1
"2020-11-06","GGD Groningen",54,52,2
"2020-11-06","GGD Haaglanden",357,346,11
"2020-11-06","GGD Hart voor Brabant",363,355,8
"2020-11-06","GGD Hollands Midden",266,263,3
"2020-11-06","GGD Hollands Noorden",150,144,6
"2020-11-06","GGD Kennemerland",140,136,4
"2020-11-06","GGD Limburg Noord",145,141,4
"2020-11-06","GGD Noord en Oost Gelderland",201,195,6
"2020-11-06","GGD Regio Twente",353,349,4
"2020-11-06","GGD regio Utrecht",392,376,16
"2020-11-06","GGD Rotterdam Rijnmond",548,543,5
"2020-11-06","GGD West Brabant",235,229,6
"2020-11-06","GGD Zaanstreek-Waterland",99,97,2
"2020-11-06","GGD Zeeland",86,81,5
"2020-11-06","GGD Zuid Limburg",110,107,3
"2020-11-07","Dienst Gezondheid & Jeugd ZHZ",193,190,3
"2020-11-07","GGD Amsterdam",303,281,22
"2020-11-07","GGD Brabant Zuid-Oost ",231,214,17
"2020-11-07","GGD Drenthe",83,81,2
"2020-11-07","GGD Flevoland",117,115,2
"2020-11-07","GGD Frysl√¢n",66,65,1
"2020-11-07","GGD Gelderland-Midden",155,147,8
"2020-11-07","GGD Gelderland-Zuid",147,142,5
"2020-11-07","GGD Gooi en Vechtstreek",83,81,2
"2020-11-07","GGD Groningen",49,47,2
"2020-11-07","GGD Haaglanden",339,331,8
"2020-11-07","GGD Hart voor Brabant",282,265,17
"2020-11-07","GGD Hollands Midden",260,253,7
"2020-11-07","GGD Hollands Noorden",153,149,4
"2020-11-07","GGD Kennemerland",128,124,4
"2020-11-07","GGD Limburg Noord",140,131,9
"2020-11-07","GGD Noord en Oost Gelderland",166,156,10
"2020-11-07","GGD Regio Twente",309,308,1
"2020-11-07","GGD regio Utrecht",413,396,17
"2020-11-07","GGD Rotterdam Rijnmond",446,420,26
"2020-11-07","GGD West Brabant",235,226,9
"2020-11-07","GGD Zaanstreek-Waterland",82,81,1
"2020-11-07","GGD Zeeland",78,77,1
"2020-11-07","GGD Zuid Limburg",109,100,9
"2020-11-08","Dienst Gezondheid & Jeugd ZHZ",138,135,3
"2020-11-08","GGD Amsterdam",295,268,27
"2020-11-08","GGD Brabant Zuid-Oost ",208,182,26
"2020-11-08","GGD Drenthe",56,55,1
"2020-11-08","GGD Flevoland",114,111,3
"2020-11-08","GGD Frysl√¢n",71,69,2
"2020-11-08","GGD Gelderland-Midden",108,101,7
"2020-11-08","GGD Gelderland-Zuid",150,140,10
"2020-11-08","GGD Gooi en Vechtstreek",67,66,1
"2020-11-08","GGD Groningen",60,56,4
"2020-11-08","GGD Haaglanden",315,299,16
"2020-11-08","GGD Hart voor Brabant",273,255,18
"2020-11-08","GGD Hollands Midden",231,220,11
"2020-11-08","GGD Hollands Noorden",128,121,7
"2020-11-08","GGD Kennemerland",118,114,4
"2020-11-08","GGD Limburg Noord",123,110,13
"2020-11-08","GGD Noord en Oost Gelderland",147,137,10
"2020-11-08","GGD Regio Twente",149,143,6
"2020-11-08","GGD regio Utrecht",299,286,13
"2020-11-08","GGD Rotterdam Rijnmond",395,369,26
"2020-11-08","GGD West Brabant",204,186,18
"2020-11-08","GGD Zaanstreek-Waterland",111,105,6
"2020-11-08","GGD Zeeland",72,70,2
"2020-11-08","GGD Zuid Limburg",114,108,6
"2020-11-09","Dienst Gezondheid & Jeugd ZHZ",246,136,110
"2020-11-09","GGD Amsterdam",288,264,24
"2020-11-09","GGD Brabant Zuid-Oost ",213,171,42
"2020-11-09","GGD Drenthe",56,48,8
"2020-11-09","GGD Flevoland",109,97,12
"2020-11-09","GGD Frysl√¢n",77,70,7
"2020-11-09","GGD Gelderland-Midden",118,100,18
"2020-11-09","GGD Gelderland-Zuid",176,157,19
"2020-11-09","GGD Gooi en Vechtstreek",61,60,1
"2020-11-09","GGD Groningen",49,41,8
"2020-11-09","GGD Haaglanden",340,325,15
"2020-11-09","GGD Hart voor Brabant",281,247,34
"2020-11-09","GGD Hollands Midden",243,221,22
"2020-11-09","GGD Hollands Noorden",171,152,19
"2020-11-09","GGD IJsselland",91,92,-1
"2020-11-09","GGD Kennemerland",152,136,16
"2020-11-09","GGD Limburg Noord",135,106,29
"2020-11-09","GGD Noord en Oost Gelderland",162,150,12
"2020-11-09","GGD Regio Twente",264,253,11
"2020-11-09","GGD regio Utrecht",396,366,30
"2020-11-09","GGD Rotterdam Rijnmond",415,362,53
"2020-11-09","GGD West Brabant",240,201,39
"2020-11-09","GGD Zaanstreek-Waterland",81,70,11
"2020-11-09","GGD Zeeland",83,75,8
"2020-11-09","GGD Zuid Limburg",122,106,16
"2020-11-10","Dienst Gezondheid & Jeugd ZHZ",171,149,22
"2020-11-10","GGD Amsterdam",279,237,42
"2020-11-10","GGD Brabant Zuid-Oost ",193,141,52
"2020-11-10","GGD Drenthe",52,41,11
"2020-11-10","GGD Flevoland",119,98,21
"2020-11-10","GGD Frysl√¢n",72,58,14
"2020-11-10","GGD Gelderland-Midden",97,85,12
"2020-11-10","GGD Gelderland-Zuid",143,118,25
"2020-11-10","GGD Gooi en Vechtstreek",80,73,7
"2020-11-10","GGD Groningen",48,36,12
"2020-11-10","GGD Haaglanden",310,287,23
"2020-11-10","GGD Hart voor Brabant",240,193,47
"2020-11-10","GGD Hollands Midden",225,171,54
"2020-11-10","GGD Hollands Noorden",129,101,28
"2020-11-10","GGD IJsselland",98,97,1
"2020-11-10","GGD Kennemerland",128,99,29
"2020-11-10","GGD Limburg Noord",82,54,28
"2020-11-10","GGD Noord en Oost Gelderland",148,127,21
"2020-11-10","GGD Regio Twente",281,265,16
"2020-11-10","GGD regio Utrecht",351,302,49
"2020-11-10","GGD Rotterdam Rijnmond",453,419,34
"2020-11-10","GGD West Brabant",224,172,52
"2020-11-10","GGD Zaanstreek-Waterland",96,88,8
"2020-11-10","GGD Zeeland",63,53,10
"2020-11-10","GGD Zuid Limburg",89,69,20
"2020-11-11","Dienst Gezondheid & Jeugd ZHZ",163,140,23
"2020-11-11","GGD Amsterdam",261,223,38
"2020-11-11","GGD Brabant Zuid-Oost ",183,194,-11
"2020-11-11","GGD Drenthe",64,45,19
"2020-11-11","GGD Flevoland",96,64,32
"2020-11-11","GGD Frysl√¢n",53,36,17
"2020-11-11","GGD Gelderland-Midden",96,79,17
"2020-11-11","GGD Gelderland-Zuid",131,91,40
"2020-11-11","GGD Gooi en Vechtstreek",61,48,13
"2020-11-11","GGD Groningen",44,23,21
"2020-11-11","GGD Haaglanden",287,218,69
"2020-11-11","GGD Hart voor Brabant",178,145,33
"2020-11-11","GGD Hollands Midden",184,117,67
"2020-11-11","GGD Hollands Noorden",97,67,30
"2020-11-11","GGD IJsselland",128,127,1
"2020-11-11","GGD Kennemerland",101,54,47
"2020-11-11","GGD Limburg Noord",60,22,38
"2020-11-11","GGD Noord en Oost Gelderland",172,125,47
"2020-11-11","GGD Regio Twente",221,193,28
"2020-11-11","GGD regio Utrecht",304,261,43
"2020-11-11","GGD Rotterdam Rijnmond",410,362,48
"2020-11-11","GGD West Brabant",188,122,66
"2020-11-11","GGD Zaanstreek-Waterland",52,42,10
"2020-11-11","GGD Zeeland",60,43,17
"2020-11-11","GGD Zuid Limburg",85,45,40
"2020-11-12","Dienst Gezondheid & Jeugd ZHZ",129,113,16
"2020-11-12","GGD Amsterdam",169,179,-10
"2020-11-12","GGD Brabant Zuid-Oost ",155,195,-40
"2020-11-12","GGD Drenthe",39,17,22
"2020-11-12","GGD Flevoland",60,35,25
"2020-11-12","GGD Frysl√¢n",36,17,19
"2020-11-12","GGD Gelderland-Midden",112,116,-4
"2020-11-12","GGD Gelderland-Zuid",87,33,54
"2020-11-12","GGD Gooi en Vechtstreek",46,22,24
"2020-11-12","GGD Groningen",27,10,17
"2020-11-12","GGD Haaglanden",187,113,74
"2020-11-12","GGD Hart voor Brabant",178,240,-62
"2020-11-12","GGD Hollands Midden",121,112,9
"2020-11-12","GGD Hollands Noorden",77,46,31
"2020-11-12","GGD IJsselland",103,102,1
"2020-11-12","GGD Kennemerland",47,27,20
"2020-11-12","GGD Limburg Noord",27,7,20
"2020-11-12","GGD Noord en Oost Gelderland",89,64,25
"2020-11-12","GGD Regio Twente",271,256,15
"2020-11-12","GGD regio Utrecht",251,140,111
"2020-11-12","GGD Rotterdam Rijnmond",371,328,43
"2020-11-12","GGD West Brabant",117,49,68
"2020-11-12","GGD Zaanstreek-Waterland",53,54,-1
"2020-11-12","GGD Zeeland",35,20,15
"2020-11-12","GGD Zuid Limburg",33,12,21
"2020-11-13","Dienst Gezondheid & Jeugd ZHZ",87,79,8
"2020-11-13","GGD Amsterdam",119,153,-34
"2020-11-13","GGD Brabant Zuid-Oost ",187,138,49
"2020-11-13","GGD Drenthe",14,5,9
"2020-11-13","GGD Flevoland",19,12,7
"2020-11-13","GGD Gelderland-Midden",121,150,-29
"2020-11-13","GGD Gelderland-Zuid",25,10,15
"2020-11-13","GGD Gooi en Vechtstreek",21,9,12
"2020-11-13","GGD Groningen",4,1,3
"2020-11-13","GGD Haaglanden",119,91,28
"2020-11-13","GGD Hart voor Brabant",329,311,18
"2020-11-13","GGD Hollands Midden",147,192,-45
"2020-11-13","GGD Hollands Noorden",51,20,31
"2020-11-13","GGD IJsselland",101,72,29
"2020-11-13","GGD Kennemerland",37,19,18
"2020-11-13","GGD Limburg Noord",16,4,12
"2020-11-13","GGD Noord en Oost Gelderland",71,124,-53
"2020-11-13","GGD Regio Twente",146,100,46
"2020-11-13","GGD regio Utrecht",117,70,47
"2020-11-13","GGD Rotterdam Rijnmond",351,177,174
"2020-11-13","GGD West Brabant",39,13,26
"2020-11-13","GGD Zaanstreek-Waterland",28,33,-5
"2020-11-13","GGD Zeeland",11,4,7
"2020-11-14","GGD Amsterdam",135,3,132
"2020-11-14","GGD Flevoland",4,1,3
"2020-11-14","GGD Gelderland-Midden",177,105,72
"2020-11-14","GGD Gelderland-Zuid",19,2,17
"2020-11-14","GGD Gooi en Vechtstreek",8,1,7
"2020-11-14","GGD Haaglanden",84,12,72
"2020-11-14","GGD Hollands Midden",169,34,135
"2020-11-14","GGD Hollands Noorden",36,1,35
"2020-11-14","GGD Noord en Oost Gelderland",118,22,96
"2020-11-14","GGD Regio Twente",224,38,186
"2020-11-14","GGD regio Utrecht",65,27,38
"2020-11-14","GGD Rotterdam Rijnmond",159,1,158
"2020-11-14","GGD West Brabant",13,1,12
"2020-11-14","GGD Zaanstreek-Waterland",59,20,39
