"Date_statistics","Municipal_health_service","cases.today","cases.yesterday","diff"
"2020-09-19","GGD Brabant-Zuidoost",100,99,1
"2020-09-25","GGD Brabant-Zuidoost",151,150,1
"2020-09-28","Dienst Gezondheid & Jeugd ZHZ",116,115,1
"2020-09-30","Dienst Gezondheid & Jeugd ZHZ",99,98,1
"2020-09-30","GGD Regio Twente",160,159,1
"2020-10-01","Dienst Gezondheid & Jeugd ZHZ",86,83,3
"2020-10-04","Dienst Gezondheid & Jeugd ZHZ",128,125,3
"2020-10-05","Dienst Gezondheid & Jeugd ZHZ",176,168,8
"2020-10-05","GGD Brabant-Zuidoost",310,309,1
"2020-10-06","Dienst Gezondheid & Jeugd ZHZ",273,265,8
"2020-10-06","GGD Brabant-Zuidoost",316,315,1
"2020-10-06","GGD Regio Twente",312,311,1
"2020-10-07","Dienst Gezondheid & Jeugd ZHZ",248,236,12
"2020-10-07","GGD Regio Twente",289,285,4
"2020-10-08","Dienst Gezondheid & Jeugd ZHZ",230,220,10
"2020-10-08","GGD Brabant-Zuidoost",324,323,1
"2020-10-08","GGD Kennemerland",195,194,1
"2020-10-09","Dienst Gezondheid & Jeugd ZHZ",284,290,-6
"2020-10-09","GGD Brabant-Zuidoost",318,315,3
"2020-10-10","Dienst Gezondheid & Jeugd ZHZ",252,256,-4
"2020-10-10","GGD Brabant-Zuidoost",349,341,8
"2020-10-10","GGD Rotterdam-Rijnmond",823,822,1
"2020-10-11","Dienst Gezondheid & Jeugd ZHZ",187,207,-20
"2020-10-11","GGD Brabant-Zuidoost",316,309,7
"2020-10-12","Dienst Gezondheid & Jeugd ZHZ",175,180,-5
"2020-10-12","GGD Brabant-Zuidoost",389,380,9
"2020-10-12","GGD Kennemerland",261,260,1
"2020-10-13","Dienst Gezondheid & Jeugd ZHZ",215,218,-3
"2020-10-13","GGD Brabant-Zuidoost",385,378,7
"2020-10-14","Dienst Gezondheid & Jeugd ZHZ",270,278,-8
"2020-10-14","GGD Brabant-Zuidoost",413,409,4
"2020-10-15","GGD Brabant-Zuidoost",387,410,-23
"2020-10-15","GGD Rotterdam-Rijnmond",930,929,1
"2020-10-16","GGD Brabant-Zuidoost",355,368,-13
"2020-10-16","GGD Rotterdam-Rijnmond",1087,1088,-1
"2020-10-17","GGD Brabant-Zuidoost",410,413,-3
"2020-10-17","GGD Rotterdam-Rijnmond",979,978,1
"2020-10-18","GGD Regio Twente",381,379,2
"2020-10-18","GGD Rotterdam-Rijnmond",911,910,1
"2020-10-19","GGD Regio Twente",452,451,1
"2020-10-20","GGD Rotterdam-Rijnmond",1138,1136,2
"2020-10-21","GGD Rotterdam-Rijnmond",1151,1152,-1
"2020-10-22","GGD Regio Twente",417,412,5
"2020-10-22","GGD Rotterdam-Rijnmond",993,996,-3
"2020-10-23","GGD Rotterdam-Rijnmond",1140,1141,-1
"2020-10-24","GGD Brabant-Zuidoost",449,450,-1
"2020-10-24","GGD Regio Twente",398,394,4
"2020-10-25","GGD Regio Twente",394,390,4
"2020-10-26","GGD IJsselland",171,172,-1
"2020-10-26","GGD Regio Twente",458,450,8
"2020-10-27","GGD Regio Twente",403,393,10
"2020-10-28","GGD Regio Twente",405,395,10
"2020-10-29","GGD Regio Twente",320,304,16
"2020-10-30","GGD Kennemerland",156,155,1
"2020-10-30","GGD Regio Twente",328,292,36
"2020-10-31","GGD Hart voor Brabant",513,514,-1
"2020-10-31","GGD Regio Twente",262,224,38
"2020-11-01","GGD Regio Twente",261,226,35
"2020-11-02","Dienst Gezondheid & Jeugd ZHZ",249,250,-1
"2020-11-02","GGD Regio Twente",327,255,72
"2020-11-03","GGD Regio Twente",269,238,31
"2020-11-04","GGD Regio Twente",208,229,-21
"2020-11-05","GGD Kennemerland",155,154,1
"2020-11-05","GGD Regio Twente",190,294,-104
"2020-11-06","GGD Kennemerland",153,152,1
"2020-11-06","GGD Regio Twente",269,345,-76
"2020-11-07","GGD Regio Twente",257,309,-52
"2020-11-08","GGD Regio Twente",149,162,-13
"2020-11-09","GGD Hart voor Brabant",409,410,-1
"2020-11-09","GGD Kennemerland",180,178,2
"2020-11-09","GGD Regio Twente",286,292,-6
"2020-11-10","GGD Kennemerland",165,161,4
"2020-11-10","GGD Regio Twente",309,311,-2
"2020-11-11","GGD Kennemerland",169,166,3
"2020-11-11","GGD Regio Twente",292,293,-1
"2020-11-12","GGD Hart voor Brabant",344,345,-1
"2020-11-12","GGD Kennemerland",128,132,-4
"2020-11-12","GGD Regio Twente",360,363,-3
"2020-11-13","GGD Kennemerland",136,135,1
"2020-11-13","GGD Regio Twente",289,288,1
"2020-11-14","GGD Hart voor Brabant",334,333,1
"2020-11-14","GGD Kennemerland",137,143,-6
"2020-11-15","GGD Kennemerland",136,137,-1
"2020-11-15","GGD Regio Twente",282,284,-2
"2020-11-16","GGD Hart voor Brabant",415,412,3
"2020-11-16","GGD Kennemerland",151,152,-1
"2020-11-16","GGD Regio Twente",325,326,-1
"2020-11-17","GGD Hart voor Brabant",359,358,1
"2020-11-17","GGD Kennemerland",159,158,1
"2020-11-17","GGD Regio Twente",275,273,2
"2020-11-18","GGD Brabant-Zuidoost",291,290,1
"2020-11-18","GGD Hart voor Brabant",378,375,3
"2020-11-18","GGD Regio Twente",324,325,-1
"2020-11-19","GGD Hart voor Brabant",330,327,3
"2020-11-20","GGD Hart voor Brabant",311,315,-4
"2020-11-21","GGD Brabant-Zuidoost",221,220,1
"2020-11-21","GGD Hart voor Brabant",341,344,-3
"2020-11-21","GGD Kennemerland",162,161,1
"2020-11-22","Dienst Gezondheid & Jeugd ZHZ",131,130,1
"2020-11-22","GGD Hart voor Brabant",327,330,-3
"2020-11-22","GGD Regio Twente",216,215,1
"2020-11-23","GGD Hart voor Brabant",388,390,-2
"2020-11-23","GGD Kennemerland",173,174,-1
"2020-11-24","GGD Hart voor Brabant",337,331,6
"2020-11-25","GGD Regio Twente",240,238,2
"2020-11-26","GGD Hart voor Brabant",335,340,-5
"2020-11-26","GGD Kennemerland",141,142,-1
"2020-11-26","GGD Regio Twente",204,205,-1
"2020-11-27","GGD Brabant-Zuidoost",198,196,2
"2020-11-27","GGD Hart voor Brabant",321,328,-7
"2020-11-27","GGD Regio Twente",207,206,1
"2020-11-28","Dienst Gezondheid & Jeugd ZHZ",132,128,4
"2020-11-28","GGD Hart voor Brabant",333,341,-8
"2020-11-28","GGD Regio Twente",257,259,-2
"2020-11-29","Dienst Gezondheid & Jeugd ZHZ",143,140,3
"2020-11-29","GGD Brabant-Zuidoost",202,200,2
"2020-11-29","GGD Hart voor Brabant",374,388,-14
"2020-11-30","Dienst Gezondheid & Jeugd ZHZ",188,176,12
"2020-11-30","GGD Brabant-Zuidoost",289,290,-1
"2020-11-30","GGD Hart voor Brabant",449,452,-3
"2020-12-01","Dienst Gezondheid & Jeugd ZHZ",209,207,2
"2020-12-01","GGD Brabant-Zuidoost",312,313,-1
"2020-12-02","Dienst Gezondheid & Jeugd ZHZ",179,191,-12
"2020-12-02","GGD Brabant-Zuidoost",307,309,-2
"2020-12-02","GGD IJsselland",194,195,-1
"2020-12-03","Dienst Gezondheid & Jeugd ZHZ",195,194,1
"2020-12-03","GGD Brabant-Zuidoost",336,337,-1
"2020-12-03","GGD IJsselland",195,197,-2
"2020-12-04","Dienst Gezondheid & Jeugd ZHZ",200,190,10
"2020-12-04","GGD Brabant-Zuidoost",293,294,-1
"2020-12-05","Dienst Gezondheid & Jeugd ZHZ",181,171,10
"2020-12-05","GGD Brabant-Zuidoost",338,337,1
"2020-12-05","GGD Hart voor Brabant",562,561,1
"2020-12-06","Dienst Gezondheid & Jeugd ZHZ",146,139,7
"2020-12-06","GGD Regio Twente",316,315,1
"2020-12-07","Dienst Gezondheid & Jeugd ZHZ",152,148,4
"2020-12-07","GGD Haaglanden",594,593,1
"2020-12-07","GGD Hart voor Brabant",622,620,2
"2020-12-07","GGD Kennemerland",230,229,1
"2020-12-07","GGD Regio Utrecht",824,823,1
"2020-12-08","Dienst Gezondheid & Jeugd ZHZ",231,257,-26
"2020-12-08","GGD Regio Twente",502,503,-1
"2020-12-09","Dienst Gezondheid & Jeugd ZHZ",238,239,-1
"2020-12-09","GGD Brabant-Zuidoost",447,448,-1
"2020-12-09","GGD Regio Utrecht",857,858,-1
"2020-12-09","Veiligheids- en Gezondheidsregio Gelderland-Midden",452,451,1
"2020-12-10","Dienst Gezondheid & Jeugd ZHZ",215,225,-10
"2020-12-10","GGD Hart voor Brabant",667,666,1
"2020-12-10","GGD Rotterdam-Rijnmond",578,576,2
"2020-12-11","Dienst Gezondheid & Jeugd ZHZ",339,341,-2
"2020-12-11","GGD Groningen",264,263,1
"2020-12-11","GGD Hart voor Brabant",665,662,3
"2020-12-11","GGD IJsselland",294,293,1
"2020-12-11","GGD Rotterdam-Rijnmond",637,638,-1
"2020-12-12","GGD Hart voor Brabant",691,690,1
"2020-12-13","Dienst Gezondheid & Jeugd ZHZ",294,296,-2
"2020-12-13","GGD Groningen",232,231,1
"2020-12-13","GGD Hart voor Brabant",728,727,1
"2020-12-13","Veiligheids- en Gezondheidsregio Gelderland-Midden",496,495,1
"2020-12-14","GGD Brabant-Zuidoost",562,563,-1
"2020-12-14","GGD Groningen",262,263,-1
"2020-12-14","GGD IJsselland",366,367,-1
"2020-12-14","GGD Rotterdam-Rijnmond",783,782,1
"2020-12-14","GGD Zuid-Limburg",437,436,1
"2020-12-15","GGD IJsselland",371,370,1
"2020-12-15","Veiligheids- en Gezondheidsregio Gelderland-Midden",570,569,1
"2020-12-16","GGD Hart voor Brabant",794,793,1
"2020-12-17","GGD Regio Utrecht",908,907,1
"2020-12-17","Veiligheids- en Gezondheidsregio Gelderland-Midden",590,586,4
"2020-12-18","GGD Hollands-Noorden",491,490,1
"2020-12-18","GGD Rotterdam-Rijnmond",644,645,-1
"2020-12-18","Veiligheids- en Gezondheidsregio Gelderland-Midden",596,594,2
"2020-12-19","GGD Haaglanden",592,591,1
"2020-12-19","GGD Hart voor Brabant",689,688,1
"2020-12-19","GGD IJsselland",293,294,-1
"2020-12-19","Veiligheids- en Gezondheidsregio Gelderland-Midden",567,565,2
"2020-12-20","GGD Hart voor Brabant",597,595,2
"2020-12-20","GGD Regio Utrecht",743,744,-1
"2020-12-20","Veiligheids- en Gezondheidsregio Gelderland-Midden",539,535,4
"2020-12-21","GGD Brabant-Zuidoost",499,498,1
"2020-12-21","GGD Haaglanden",614,615,-1
"2020-12-21","GGD Hart voor Brabant",620,619,1
"2020-12-21","GGD Rotterdam-Rijnmond",643,644,-1
"2020-12-21","Veiligheids- en Gezondheidsregio Gelderland-Midden",579,575,4
"2020-12-22","GGD Hart voor Brabant",720,719,1
"2020-12-22","Veiligheids- en Gezondheidsregio Gelderland-Midden",509,513,-4
"2020-12-23","GGD Regio Utrecht",664,663,1
"2020-12-23","GGD Rotterdam-Rijnmond",535,537,-2
"2020-12-23","Veiligheids- en Gezondheidsregio Gelderland-Midden",467,475,-8
"2020-12-24","GGD Hart voor Brabant",614,612,2
"2020-12-24","GGD Regio Utrecht",639,640,-1
"2020-12-24","Veiligheids- en Gezondheidsregio Gelderland-Midden",441,447,-6
"2020-12-25","GGD Hart voor Brabant",485,484,1
"2020-12-26","GGD Haaglanden",391,390,1
"2020-12-26","GGD Rotterdam-Rijnmond",434,433,1
"2020-12-27","GGD Amsterdam",326,325,1
"2020-12-27","GGD Brabant-Zuidoost",356,355,1
"2020-12-27","GGD Hollands-Noorden",412,413,-1
"2020-12-28","Veiligheids- en Gezondheidsregio Gelderland-Midden",486,485,1
"2020-12-29","GGD Amsterdam",374,373,1
"2020-12-29","GGD Haaglanden",430,429,1
"2020-12-29","GGD IJsselland",265,264,1
"2020-12-30","GGD Brabant-Zuidoost",331,332,-1
"2020-12-30","GGD Haaglanden",374,373,1
"2020-12-30","GGD Hart voor Brabant",438,436,2
"2020-12-30","GGD IJsselland",252,251,1
"2020-12-31","GGD Amsterdam",306,305,1
"2020-12-31","GGD Regio Utrecht",490,491,-1
"2020-12-31","GGD Rotterdam-Rijnmond",449,448,1
"2020-12-31","Veiligheids- en Gezondheidsregio Gelderland-Midden",364,363,1
"2021-01-01","GGD Amsterdam",297,296,1
"2021-01-01","GGD Brabant-Zuidoost",336,334,2
"2021-01-01","GGD Haaglanden",343,342,1
"2021-01-01","GGD Hart voor Brabant",445,443,2
"2021-01-01","GGD Hollands-Midden",304,303,1
"2021-01-01","GGD Regio Utrecht",492,490,2
"2021-01-01","GGD West-Brabant",197,196,1
"2021-01-01","Veiligheids- en Gezondheidsregio Gelderland-Midden",326,325,1
"2021-01-02","GGD Brabant-Zuidoost",361,360,1
"2021-01-02","GGD Hart voor Brabant",483,482,1
"2021-01-02","GGD Hollands-Noorden",301,300,1
"2021-01-02","GGD IJsselland",263,262,1
"2021-01-02","GGD Regio Utrecht",458,459,-1
"2021-01-03","GGD Amsterdam",327,328,-1
"2021-01-03","GGD Fryslân",249,248,1
"2021-01-03","GGD Hart voor Brabant",498,499,-1
"2021-01-03","GGD IJsselland",261,256,5
"2021-01-03","GGD Regio Twente",477,476,1
"2021-01-03","GGD Rotterdam-Rijnmond",419,418,1
"2021-01-03","GGD Zuid-Limburg",257,256,1
"2021-01-04","GGD Amsterdam",429,428,1
"2021-01-04","GGD Brabant-Zuidoost",400,403,-3
"2021-01-04","GGD Drenthe",223,222,1
"2021-01-04","GGD Hart voor Brabant",566,563,3
"2021-01-04","GGD IJsselland",321,319,2
"2021-01-04","GGD Limburg-Noord",373,372,1
"2021-01-04","GGD Noord- en Oost-Gelderland",402,401,1
"2021-01-04","GGD Regio Utrecht",540,539,1
"2021-01-04","Veiligheids- en Gezondheidsregio Gelderland-Midden",418,417,1
"2021-01-05","GGD Amsterdam",343,342,1
"2021-01-05","GGD Drenthe",228,227,1
"2021-01-05","GGD Flevoland",171,170,1
"2021-01-05","GGD Fryslân",239,238,1
"2021-01-05","GGD Haaglanden",360,359,1
"2021-01-05","GGD Hart voor Brabant",478,475,3
"2021-01-05","GGD Hollands-Midden",348,346,2
"2021-01-05","GGD Hollands-Noorden",326,327,-1
"2021-01-05","GGD IJsselland",283,276,7
"2021-01-05","GGD Rotterdam-Rijnmond",424,426,-2
"2021-01-05","GGD West-Brabant",190,189,1
"2021-01-05","Veiligheids- en Gezondheidsregio Gelderland-Midden",360,362,-2
"2021-01-06","GGD Drenthe",207,206,1
"2021-01-06","GGD Hollands-Midden",306,304,2
"2021-01-06","GGD Hollands-Noorden",348,346,2
"2021-01-06","GGD IJsselland",254,258,-4
"2021-01-06","GGD Rotterdam-Rijnmond",430,426,4
"2021-01-07","GGD Amsterdam",272,271,1
"2021-01-07","GGD Drenthe",180,179,1
"2021-01-07","GGD Hart voor Brabant",458,455,3
"2021-01-07","GGD Hollands-Midden",260,262,-2
"2021-01-07","GGD IJsselland",221,222,-1
"2021-01-07","GGD Rotterdam-Rijnmond",354,355,-1
"2021-01-08","GGD Amsterdam",219,218,1
"2021-01-08","GGD Brabant-Zuidoost",310,309,1
"2021-01-08","GGD Fryslân",202,200,2
"2021-01-08","GGD Hart voor Brabant",383,384,-1
"2021-01-08","GGD Hollands-Midden",271,272,-1
"2021-01-08","GGD Hollands-Noorden",278,277,1
"2021-01-08","GGD IJsselland",202,209,-7
"2021-01-08","GGD Regio Twente",285,283,2
"2021-01-08","GGD Regio Utrecht",399,400,-1
"2021-01-08","GGD Rotterdam-Rijnmond",358,354,4
"2021-01-08","GGD West-Brabant",162,161,1
"2021-01-08","Veiligheids- en Gezondheidsregio Gelderland-Midden",285,282,3
"2021-01-09","GGD Amsterdam",233,232,1
"2021-01-09","GGD Fryslân",167,166,1
"2021-01-09","GGD Gooi en Vechtstreek",76,75,1
"2021-01-09","GGD Groningen",157,156,1
"2021-01-09","GGD Haaglanden",259,260,-1
"2021-01-09","GGD Hart voor Brabant",330,327,3
"2021-01-09","GGD Hollands-Noorden",277,276,1
"2021-01-09","GGD IJsselland",194,189,5
"2021-01-09","GGD Noord- en Oost-Gelderland",274,273,1
"2021-01-09","GGD Regio Utrecht",380,379,1
"2021-01-09","GGD Rotterdam-Rijnmond",353,350,3
"2021-01-09","GGD Zeeland",96,95,1
"2021-01-10","Dienst Gezondheid & Jeugd ZHZ",164,163,1
"2021-01-10","GGD Fryslân",173,174,-1
"2021-01-10","GGD Haaglanden",209,208,1
"2021-01-10","GGD Hart voor Brabant",351,349,2
"2021-01-10","GGD IJsselland",168,171,-3
"2021-01-10","GGD Noord- en Oost-Gelderland",265,264,1
"2021-01-10","GGD Regio Twente",265,264,1
"2021-01-10","GGD Regio Utrecht",316,314,2
"2021-01-10","GGD Rotterdam-Rijnmond",302,299,3
"2021-01-10","GGD Zeeland",101,99,2
"2021-01-10","Veiligheids- en Gezondheidsregio Gelderland-Midden",257,254,3
"2021-01-11","Dienst Gezondheid & Jeugd ZHZ",137,136,1
"2021-01-11","GGD Amsterdam",285,286,-1
"2021-01-11","GGD Brabant-Zuidoost",329,324,5
"2021-01-11","GGD Drenthe",184,183,1
"2021-01-11","GGD Flevoland",152,151,1
"2021-01-11","GGD Fryslân",229,225,4
"2021-01-11","GGD Gelderland-Zuid",198,197,1
"2021-01-11","GGD Groningen",165,166,-1
"2021-01-11","GGD Haaglanden",269,266,3
"2021-01-11","GGD Hart voor Brabant",341,340,1
"2021-01-11","GGD Hollands-Noorden",256,252,4
"2021-01-11","GGD IJsselland",175,174,1
"2021-01-11","GGD Limburg-Noord",296,295,1
"2021-01-11","GGD Regio Twente",349,348,1
"2021-01-11","GGD Regio Utrecht",409,406,3
"2021-01-11","GGD Rotterdam-Rijnmond",372,369,3
"2021-01-11","GGD Zeeland",139,136,3
"2021-01-11","GGD Zuid-Limburg",271,268,3
"2021-01-11","Veiligheids- en Gezondheidsregio Gelderland-Midden",295,288,7
"2021-01-12","Dienst Gezondheid & Jeugd ZHZ",165,163,2
"2021-01-12","GGD Amsterdam",289,284,5
"2021-01-12","GGD Brabant-Zuidoost",358,353,5
"2021-01-12","GGD Drenthe",168,166,2
"2021-01-12","GGD Flevoland",125,122,3
"2021-01-12","GGD Gelderland-Zuid",212,211,1
"2021-01-12","GGD Gooi en Vechtstreek",79,78,1
"2021-01-12","GGD Groningen",189,187,2
"2021-01-12","GGD Haaglanden",283,276,7
"2021-01-12","GGD Hart voor Brabant",361,358,3
"2021-01-12","GGD Hollands-Noorden",329,328,1
"2021-01-12","GGD IJsselland",176,172,4
"2021-01-12","GGD Kennemerland",140,139,1
"2021-01-12","GGD Noord- en Oost-Gelderland",260,257,3
"2021-01-12","GGD Regio Twente",278,276,2
"2021-01-12","GGD Regio Utrecht",397,396,1
"2021-01-12","GGD Rotterdam-Rijnmond",416,413,3
"2021-01-12","GGD West-Brabant",169,168,1
"2021-01-12","GGD Zaanstreek/Waterland",123,121,2
"2021-01-12","GGD Zuid-Limburg",247,245,2
"2021-01-12","Veiligheids- en Gezondheidsregio Gelderland-Midden",250,242,8
"2021-01-13","Dienst Gezondheid & Jeugd ZHZ",184,179,5
"2021-01-13","GGD Amsterdam",294,290,4
"2021-01-13","GGD Brabant-Zuidoost",274,275,-1
"2021-01-13","GGD Flevoland",112,109,3
"2021-01-13","GGD Gelderland-Zuid",214,213,1
"2021-01-13","GGD Groningen",173,172,1
"2021-01-13","GGD Haaglanden",262,261,1
"2021-01-13","GGD Hart voor Brabant",364,358,6
"2021-01-13","GGD Hollands-Midden",232,231,1
"2021-01-13","GGD IJsselland",164,160,4
"2021-01-13","GGD Kennemerland",136,132,4
"2021-01-13","GGD Limburg-Noord",280,277,3
"2021-01-13","GGD Regio Utrecht",359,356,3
"2021-01-13","GGD Rotterdam-Rijnmond",341,339,2
"2021-01-13","GGD West-Brabant",158,154,4
"2021-01-13","GGD Zaanstreek/Waterland",80,78,2
"2021-01-13","GGD Zuid-Limburg",221,217,4
"2021-01-13","Veiligheids- en Gezondheidsregio Gelderland-Midden",280,273,7
"2021-01-14","Dienst Gezondheid & Jeugd ZHZ",144,142,2
"2021-01-14","GGD Amsterdam",256,252,4
"2021-01-14","GGD Brabant-Zuidoost",285,283,2
"2021-01-14","GGD Drenthe",133,131,2
"2021-01-14","GGD Flevoland",123,125,-2
"2021-01-14","GGD Fryslân",197,195,2
"2021-01-14","GGD Gooi en Vechtstreek",67,65,2
"2021-01-14","GGD Groningen",165,164,1
"2021-01-14","GGD Haaglanden",219,216,3
"2021-01-14","GGD Hart voor Brabant",330,329,1
"2021-01-14","GGD Hollands-Midden",199,196,3
"2021-01-14","GGD Hollands-Noorden",271,270,1
"2021-01-14","GGD IJsselland",160,145,15
"2021-01-14","GGD Kennemerland",103,101,2
"2021-01-14","GGD Limburg-Noord",246,242,4
"2021-01-14","GGD Noord- en Oost-Gelderland",236,233,3
"2021-01-14","GGD Regio Twente",235,233,2
"2021-01-14","GGD Regio Utrecht",298,294,4
"2021-01-14","GGD Rotterdam-Rijnmond",312,303,9
"2021-01-14","GGD West-Brabant",129,127,2
"2021-01-14","GGD Zaanstreek/Waterland",80,78,2
"2021-01-14","GGD Zeeland",111,108,3
"2021-01-14","GGD Zuid-Limburg",216,218,-2
"2021-01-14","Veiligheids- en Gezondheidsregio Gelderland-Midden",240,237,3
"2021-01-15","Dienst Gezondheid & Jeugd ZHZ",158,150,8
"2021-01-15","GGD Amsterdam",235,224,11
"2021-01-15","GGD Brabant-Zuidoost",264,262,2
"2021-01-15","GGD Drenthe",127,123,4
"2021-01-15","GGD Flevoland",116,114,2
"2021-01-15","GGD Gelderland-Zuid",184,177,7
"2021-01-15","GGD Gooi en Vechtstreek",55,53,2
"2021-01-15","GGD Groningen",269,265,4
"2021-01-15","GGD Haaglanden",218,216,2
"2021-01-15","GGD Hart voor Brabant",307,298,9
"2021-01-15","GGD Hollands-Midden",195,192,3
"2021-01-15","GGD Hollands-Noorden",266,255,11
"2021-01-15","GGD IJsselland",120,119,1
"2021-01-15","GGD Kennemerland",122,116,6
"2021-01-15","GGD Limburg-Noord",286,280,6
"2021-01-15","GGD Noord- en Oost-Gelderland",213,211,2
"2021-01-15","GGD Regio Twente",238,224,14
"2021-01-15","GGD Regio Utrecht",306,292,14
"2021-01-15","GGD Rotterdam-Rijnmond",319,306,13
"2021-01-15","GGD West-Brabant",193,189,4
"2021-01-15","GGD Zaanstreek/Waterland",83,78,5
"2021-01-15","GGD Zeeland",104,100,4
"2021-01-15","GGD Zuid-Limburg",273,259,14
"2021-01-15","Veiligheids- en Gezondheidsregio Gelderland-Midden",210,221,-11
"2021-01-16","Dienst Gezondheid & Jeugd ZHZ",115,104,11
"2021-01-16","GGD Amsterdam",196,187,9
"2021-01-16","GGD Brabant-Zuidoost",234,233,1
"2021-01-16","GGD Drenthe",151,143,8
"2021-01-16","GGD Flevoland",88,85,3
"2021-01-16","GGD Fryslân",180,178,2
"2021-01-16","GGD Gelderland-Zuid",176,171,5
"2021-01-16","GGD Gooi en Vechtstreek",59,55,4
"2021-01-16","GGD Groningen",144,126,18
"2021-01-16","GGD Haaglanden",195,184,11
"2021-01-16","GGD Hart voor Brabant",281,267,14
"2021-01-16","GGD Hollands-Midden",197,187,10
"2021-01-16","GGD Hollands-Noorden",248,242,6
"2021-01-16","GGD IJsselland",123,134,-11
"2021-01-16","GGD Kennemerland",113,107,6
"2021-01-16","GGD Limburg-Noord",226,219,7
"2021-01-16","GGD Noord- en Oost-Gelderland",210,205,5
"2021-01-16","GGD Regio Twente",220,210,10
"2021-01-16","GGD Regio Utrecht",316,306,10
"2021-01-16","GGD Rotterdam-Rijnmond",257,241,16
"2021-01-16","GGD West-Brabant",144,141,3
"2021-01-16","GGD Zaanstreek/Waterland",84,77,7
"2021-01-16","GGD Zeeland",101,95,6
"2021-01-16","GGD Zuid-Limburg",234,226,8
"2021-01-16","Veiligheids- en Gezondheidsregio Gelderland-Midden",220,211,9
"2021-01-17","Dienst Gezondheid & Jeugd ZHZ",86,65,21
"2021-01-17","GGD Amsterdam",166,139,27
"2021-01-17","GGD Brabant-Zuidoost",233,221,12
"2021-01-17","GGD Drenthe",112,103,9
"2021-01-17","GGD Flevoland",78,76,2
"2021-01-17","GGD Fryslân",190,180,10
"2021-01-17","GGD Gelderland-Zuid",176,172,4
"2021-01-17","GGD Gooi en Vechtstreek",58,54,4
"2021-01-17","GGD Groningen",137,120,17
"2021-01-17","GGD Haaglanden",194,179,15
"2021-01-17","GGD Hart voor Brabant",284,262,22
"2021-01-17","GGD Hollands-Midden",185,175,10
"2021-01-17","GGD Hollands-Noorden",224,204,20
"2021-01-17","GGD IJsselland",109,107,2
"2021-01-17","GGD Kennemerland",106,101,5
"2021-01-17","GGD Limburg-Noord",227,216,11
"2021-01-17","GGD Noord- en Oost-Gelderland",195,188,7
"2021-01-17","GGD Regio Twente",194,180,14
"2021-01-17","GGD Regio Utrecht",267,251,16
"2021-01-17","GGD Rotterdam-Rijnmond",229,212,17
"2021-01-17","GGD West-Brabant",148,134,14
"2021-01-17","GGD Zaanstreek/Waterland",69,57,12
"2021-01-17","GGD Zeeland",97,95,2
"2021-01-17","GGD Zuid-Limburg",195,177,18
"2021-01-17","Veiligheids- en Gezondheidsregio Gelderland-Midden",179,168,11
"2021-01-18","Dienst Gezondheid & Jeugd ZHZ",89,78,11
"2021-01-18","GGD Amsterdam",211,171,40
"2021-01-18","GGD Brabant-Zuidoost",264,240,24
"2021-01-18","GGD Drenthe",124,112,12
"2021-01-18","GGD Flevoland",75,66,9
"2021-01-18","GGD Fryslân",191,172,19
"2021-01-18","GGD Gelderland-Zuid",186,165,21
"2021-01-18","GGD Gooi en Vechtstreek",69,51,18
"2021-01-18","GGD Groningen",128,108,20
"2021-01-18","GGD Haaglanden",241,203,38
"2021-01-18","GGD Hart voor Brabant",292,247,45
"2021-01-18","GGD Hollands-Midden",179,150,29
"2021-01-18","GGD Hollands-Noorden",223,170,53
"2021-01-18","GGD IJsselland",167,150,17
"2021-01-18","GGD Kennemerland",122,108,14
"2021-01-18","GGD Limburg-Noord",200,164,36
"2021-01-18","GGD Noord- en Oost-Gelderland",212,198,14
"2021-01-18","GGD Regio Twente",252,221,31
"2021-01-18","GGD Regio Utrecht",305,255,50
"2021-01-18","GGD Rotterdam-Rijnmond",272,223,49
"2021-01-18","GGD West-Brabant",188,164,24
"2021-01-18","GGD Zaanstreek/Waterland",92,73,19
"2021-01-18","GGD Zeeland",115,94,21
"2021-01-18","GGD Zuid-Limburg",169,138,31
"2021-01-18","Veiligheids- en Gezondheidsregio Gelderland-Midden",182,152,30
"2021-01-19","Dienst Gezondheid & Jeugd ZHZ",121,118,3
"2021-01-19","GGD Amsterdam",146,116,30
"2021-01-19","GGD Brabant-Zuidoost",262,233,29
"2021-01-19","GGD Drenthe",91,71,20
"2021-01-19","GGD Flevoland",81,55,26
"2021-01-19","GGD Fryslân",174,145,29
"2021-01-19","GGD Gelderland-Zuid",147,122,25
"2021-01-19","GGD Gooi en Vechtstreek",48,34,14
"2021-01-19","GGD Groningen",116,95,21
"2021-01-19","GGD Haaglanden",188,152,36
"2021-01-19","GGD Hart voor Brabant",240,186,54
"2021-01-19","GGD Hollands-Midden",148,116,32
"2021-01-19","GGD Hollands-Noorden",223,152,71
"2021-01-19","GGD IJsselland",138,112,26
"2021-01-19","GGD Kennemerland",108,88,20
"2021-01-19","GGD Limburg-Noord",169,118,51
"2021-01-19","GGD Noord- en Oost-Gelderland",149,117,32
"2021-01-19","GGD Regio Twente",197,160,37
"2021-01-19","GGD Regio Utrecht",261,224,37
"2021-01-19","GGD Rotterdam-Rijnmond",267,229,38
"2021-01-19","GGD West-Brabant",151,117,34
"2021-01-19","GGD Zaanstreek/Waterland",99,81,18
"2021-01-19","GGD Zeeland",95,68,27
"2021-01-19","GGD Zuid-Limburg",165,126,39
"2021-01-19","Veiligheids- en Gezondheidsregio Gelderland-Midden",178,138,40
"2021-01-20","Dienst Gezondheid & Jeugd ZHZ",107,121,-14
"2021-01-20","GGD Amsterdam",160,159,1
"2021-01-20","GGD Brabant-Zuidoost",193,186,7
"2021-01-20","GGD Drenthe",73,61,12
"2021-01-20","GGD Flevoland",46,19,27
"2021-01-20","GGD Fryslân",111,56,55
"2021-01-20","GGD Gelderland-Zuid",148,72,76
"2021-01-20","GGD Gooi en Vechtstreek",31,20,11
"2021-01-20","GGD Groningen",81,48,33
"2021-01-20","GGD Haaglanden",170,105,65
"2021-01-20","GGD Hart voor Brabant",206,170,36
"2021-01-20","GGD Hollands-Midden",129,80,49
"2021-01-20","GGD Hollands-Noorden",110,66,44
"2021-01-20","GGD IJsselland",96,114,-18
"2021-01-20","GGD Kennemerland",67,64,3
"2021-01-20","GGD Limburg-Noord",126,82,44
"2021-01-20","GGD Noord- en Oost-Gelderland",128,78,50
"2021-01-20","GGD Regio Twente",158,146,12
"2021-01-20","GGD Regio Utrecht",192,95,97
"2021-01-20","GGD Rotterdam-Rijnmond",183,194,-11
"2021-01-20","GGD West-Brabant",140,84,56
"2021-01-20","GGD Zaanstreek/Waterland",111,103,8
"2021-01-20","GGD Zeeland",63,44,19
"2021-01-20","GGD Zuid-Limburg",147,81,66
"2021-01-20","Veiligheids- en Gezondheidsregio Gelderland-Midden",131,114,17
"2021-01-21","Dienst Gezondheid & Jeugd ZHZ",125,134,-9
"2021-01-21","GGD Amsterdam",132,145,-13
"2021-01-21","GGD Brabant-Zuidoost",294,187,107
"2021-01-21","GGD Drenthe",33,11,22
"2021-01-21","GGD Flevoland",22,19,3
"2021-01-21","GGD Fryslân",44,19,25
"2021-01-21","GGD Gelderland-Zuid",78,110,-32
"2021-01-21","GGD Gooi en Vechtstreek",27,11,16
"2021-01-21","GGD Groningen",36,7,29
"2021-01-21","GGD Haaglanden",142,111,31
"2021-01-21","GGD Hart voor Brabant",151,183,-32
"2021-01-21","GGD Hollands-Midden",94,141,-47
"2021-01-21","GGD Hollands-Noorden",134,37,97
"2021-01-21","GGD IJsselland",96,106,-10
"2021-01-21","GGD Kennemerland",44,69,-25
"2021-01-21","GGD Limburg-Noord",111,39,72
"2021-01-21","GGD Noord- en Oost-Gelderland",99,102,-3
"2021-01-21","GGD Regio Twente",149,70,79
"2021-01-21","GGD Regio Utrecht",147,110,37
"2021-01-21","GGD Rotterdam-Rijnmond",169,160,9
"2021-01-21","GGD West-Brabant",61,19,42
"2021-01-21","GGD Zaanstreek/Waterland",108,132,-24
"2021-01-21","GGD Zeeland",49,20,29
"2021-01-21","GGD Zuid-Limburg",79,70,9
"2021-01-21","Veiligheids- en Gezondheidsregio Gelderland-Midden",131,144,-13
"2021-01-22","Dienst Gezondheid & Jeugd ZHZ",118,41,77
"2021-01-22","GGD Amsterdam",115,1,114
"2021-01-22","GGD Brabant-Zuidoost",136,7,129
"2021-01-22","GGD Gelderland-Zuid",119,56,63
"2021-01-22","GGD Haaglanden",93,4,89
"2021-01-22","GGD Hart voor Brabant",171,42,129
"2021-01-22","GGD Hollands-Midden",123,74,49
"2021-01-22","GGD Hollands-Noorden",87,1,86
"2021-01-22","GGD IJsselland",147,24,123
"2021-01-22","GGD Kennemerland",82,13,69
"2021-01-22","GGD Noord- en Oost-Gelderland",115,5,110
"2021-01-22","GGD Regio Twente",53,4,49
"2021-01-22","GGD Regio Utrecht",91,22,69
"2021-01-22","GGD Rotterdam-Rijnmond",118,26,92
"2021-01-22","GGD Zaanstreek/Waterland",87,47,40
"2021-01-22","GGD Zuid-Limburg",86,13,73
"2021-01-22","Veiligheids- en Gezondheidsregio Gelderland-Midden",128,16,112
