"Date_statistics","Municipal_health_service","cases.today","cases.yesterday","diff"
"2020-09-04","GGD West-Brabant",31,29,2
"2020-09-05","GGD West-Brabant",28,27,1
"2020-09-06","GGD West-Brabant",28,27,1
"2020-09-07","GGD West-Brabant",36,35,1
"2020-09-10","GGD West-Brabant",45,43,2
"2020-09-12","GGD West-Brabant",44,43,1
"2020-09-13","GGD Brabant-Zuidoost",63,62,1
"2020-09-13","GGD West-Brabant",50,48,2
"2020-09-14","GGD Brabant-Zuidoost",93,92,1
"2020-09-16","GGD West-Brabant",69,68,1
"2020-09-17","GGD West-Brabant",75,74,1
"2020-09-18","Dienst Gezondheid & Jeugd ZHZ",60,57,3
"2020-09-18","GGD West-Brabant",69,68,1
"2020-09-19","GGD Brabant-Zuidoost",99,98,1
"2020-09-19","GGD West-Brabant",58,56,2
"2020-09-20","GGD Brabant-Zuidoost",103,104,-1
"2020-09-20","GGD West-Brabant",90,89,1
"2020-09-21","Dienst Gezondheid & Jeugd ZHZ",66,65,1
"2020-09-21","GGD Brabant-Zuidoost",140,139,1
"2020-09-22","Dienst Gezondheid & Jeugd ZHZ",65,64,1
"2020-09-22","GGD West-Brabant",105,104,1
"2020-09-23","Dienst Gezondheid & Jeugd ZHZ",57,55,2
"2020-09-23","GGD West-Brabant",122,120,2
"2020-09-24","Dienst Gezondheid & Jeugd ZHZ",61,59,2
"2020-09-24","GGD West-Brabant",82,81,1
"2020-09-25","Dienst Gezondheid & Jeugd ZHZ",96,92,4
"2020-09-26","Dienst Gezondheid & Jeugd ZHZ",83,75,8
"2020-09-26","GGD Brabant-Zuidoost",121,120,1
"2020-09-26","GGD West-Brabant",104,103,1
"2020-09-26","GGD Zuid-Limburg",27,28,-1
"2020-09-27","Dienst Gezondheid & Jeugd ZHZ",80,75,5
"2020-09-28","Dienst Gezondheid & Jeugd ZHZ",96,89,7
"2020-09-28","GGD Regio Twente",143,140,3
"2020-09-28","GGD West-Brabant",174,173,1
"2020-09-29","Dienst Gezondheid & Jeugd ZHZ",101,90,11
"2020-09-30","Dienst Gezondheid & Jeugd ZHZ",77,71,6
"2020-10-01","Dienst Gezondheid & Jeugd ZHZ",64,70,-6
"2020-10-01","GGD Brabant-Zuidoost",246,245,1
"2020-10-01","GGD Kennemerland",169,168,1
"2020-10-01","GGD Regio Twente",166,164,2
"2020-10-01","GGD Rotterdam-Rijnmond",722,721,1
"2020-10-02","Dienst Gezondheid & Jeugd ZHZ",124,134,-10
"2020-10-02","GGD Brabant-Zuidoost",274,273,1
"2020-10-02","GGD Regio Twente",168,167,1
"2020-10-03","Dienst Gezondheid & Jeugd ZHZ",134,162,-28
"2020-10-03","GGD Brabant-Zuidoost",250,249,1
"2020-10-03","GGD Zuid-Limburg",90,91,-1
"2020-10-04","Dienst Gezondheid & Jeugd ZHZ",146,153,-7
"2020-10-04","GGD Kennemerland",189,190,-1
"2020-10-04","GGD Regio Twente",150,149,1
"2020-10-04","GGD Zuid-Limburg",83,81,2
"2020-10-05","Dienst Gezondheid & Jeugd ZHZ",198,197,1
"2020-10-05","GGD Rotterdam-Rijnmond",864,865,-1
"2020-10-06","GGD Brabant-Zuidoost",296,298,-2
"2020-10-06","GGD Regio Twente",293,298,-5
"2020-10-07","GGD Brabant-Zuidoost",265,266,-1
"2020-10-07","GGD Regio Twente",263,264,-1
"2020-10-07","GGD West-Brabant",312,311,1
"2020-10-08","GGD IJsselland",113,112,1
"2020-10-08","GGD Rotterdam-Rijnmond",900,899,1
"2020-10-09","GGD Rotterdam-Rijnmond",906,905,1
"2020-10-10","GGD Brabant-Zuidoost",289,288,1
"2020-10-10","GGD IJsselland",132,130,2
"2020-10-10","GGD Rotterdam-Rijnmond",813,814,-1
"2020-10-11","GGD Rotterdam-Rijnmond",757,756,1
"2020-10-12","Dienst Gezondheid & Jeugd ZHZ",188,187,1
"2020-10-12","GGD IJsselland",168,164,4
"2020-10-12","GGD Regio Twente",518,519,-1
"2020-10-13","GGD IJsselland",173,171,2
"2020-10-13","GGD Rotterdam-Rijnmond",1037,1036,1
"2020-10-13","GGD Zuid-Limburg",118,117,1
"2020-10-14","GGD IJsselland",179,176,3
"2020-10-14","GGD Rotterdam-Rijnmond",1039,1038,1
"2020-10-14","GGD Zuid-Limburg",150,149,1
"2020-10-15","Dienst Gezondheid & Jeugd ZHZ",297,298,-1
"2020-10-15","GGD IJsselland",168,159,9
"2020-10-15","GGD Kennemerland",259,258,1
"2020-10-15","GGD Rotterdam-Rijnmond",925,926,-1
"2020-10-16","GGD IJsselland",178,173,5
"2020-10-16","GGD Zuid-Limburg",170,171,-1
"2020-10-17","GGD IJsselland",158,153,5
"2020-10-17","GGD Rotterdam-Rijnmond",993,992,1
"2020-10-17","GGD Zuid-Limburg",137,138,-1
"2020-10-18","GGD IJsselland",144,146,-2
"2020-10-19","GGD IJsselland",202,216,-14
"2020-10-19","GGD Zuid-Limburg",200,199,1
"2020-10-20","GGD Hollands-Midden",517,516,1
"2020-10-20","GGD IJsselland",183,187,-4
"2020-10-20","GGD Rotterdam-Rijnmond",1163,1167,-4
"2020-10-21","GGD IJsselland",198,206,-8
"2020-10-21","GGD Rotterdam-Rijnmond",1176,1175,1
"2020-10-21","GGD Zuid-Limburg",172,171,1
"2020-10-22","GGD IJsselland",178,188,-10
"2020-10-22","GGD Rotterdam-Rijnmond",1017,1018,-1
"2020-10-23","GGD Hart voor Brabant",585,584,1
"2020-10-23","GGD Kennemerland",247,248,-1
"2020-10-23","GGD Zuid-Limburg",194,195,-1
"2020-10-24","GGD Hollands-Noorden",274,275,-1
"2020-10-24","GGD IJsselland",196,195,1
"2020-10-24","GGD Rotterdam-Rijnmond",1076,1074,2
"2020-10-25","Dienst Gezondheid & Jeugd ZHZ",281,279,2
"2020-10-26","GGD Hart voor Brabant",686,687,-1
"2020-10-26","GGD Rotterdam-Rijnmond",1105,1106,-1
"2020-10-27","Dienst Gezondheid & Jeugd ZHZ",324,322,2
"2020-10-27","GGD IJsselland",179,175,4
"2020-10-27","GGD Zuid-Limburg",170,171,-1
"2020-10-28","Dienst Gezondheid & Jeugd ZHZ",278,277,1
"2020-10-28","GGD IJsselland",148,146,2
"2020-10-28","GGD Zuid-Limburg",161,162,-1
"2020-10-29","Dienst Gezondheid & Jeugd ZHZ",254,253,1
"2020-10-29","GGD Hart voor Brabant",510,511,-1
"2020-10-29","GGD IJsselland",140,137,3
"2020-10-30","Dienst Gezondheid & Jeugd ZHZ",263,265,-2
"2020-10-30","GGD IJsselland",132,138,-6
"2020-10-30","GGD Zuid-Limburg",116,115,1
"2020-10-31","Dienst Gezondheid & Jeugd ZHZ",254,253,1
"2020-10-31","GGD IJsselland",115,109,6
"2020-10-31","GGD Zuid-Limburg",161,162,-1
"2020-11-01","Dienst Gezondheid & Jeugd ZHZ",264,265,-1
"2020-11-01","GGD IJsselland",132,128,4
"2020-11-01","GGD Zuid-Limburg",130,129,1
"2020-11-02","Dienst Gezondheid & Jeugd ZHZ",249,247,2
"2020-11-02","GGD IJsselland",160,158,2
"2020-11-02","GGD Zuid-Limburg",144,146,-2
"2020-11-03","Dienst Gezondheid & Jeugd ZHZ",245,246,-1
"2020-11-03","GGD IJsselland",132,130,2
"2020-11-04","Dienst Gezondheid & Jeugd ZHZ",262,258,4
"2020-11-04","GGD IJsselland",132,133,-1
"2020-11-05","Dienst Gezondheid & Jeugd ZHZ",195,192,3
"2020-11-05","GGD IJsselland",107,114,-7
"2020-11-06","Dienst Gezondheid & Jeugd ZHZ",179,174,5
"2020-11-06","GGD Hollands-Midden",267,266,1
"2020-11-06","GGD IJsselland",96,95,1
"2020-11-07","Dienst Gezondheid & Jeugd ZHZ",181,165,16
"2020-11-07","GGD IJsselland",98,94,4
"2020-11-08","Dienst Gezondheid & Jeugd ZHZ",145,134,11
"2020-11-08","GGD IJsselland",102,99,3
"2020-11-09","Dienst Gezondheid & Jeugd ZHZ",282,273,9
"2020-11-09","GGD IJsselland",103,101,2
"2020-11-10","Dienst Gezondheid & Jeugd ZHZ",133,156,-23
"2020-11-10","GGD IJsselland",103,108,-5
"2020-11-11","Dienst Gezondheid & Jeugd ZHZ",144,143,1
"2020-11-11","GGD IJsselland",96,102,-6
"2020-11-12","Dienst Gezondheid & Jeugd ZHZ",154,171,-17
"2020-11-12","GGD Amsterdam",361,360,1
"2020-11-12","GGD IJsselland",94,97,-3
"2020-11-13","Dienst Gezondheid & Jeugd ZHZ",125,139,-14
"2020-11-14","Dienst Gezondheid & Jeugd ZHZ",157,154,3
"2020-11-14","GGD IJsselland",101,98,3
"2020-11-15","Dienst Gezondheid & Jeugd ZHZ",144,145,-1
"2020-11-15","GGD IJsselland",100,109,-9
"2020-11-16","Dienst Gezondheid & Jeugd ZHZ",158,159,-1
"2020-11-16","GGD Hollands-Midden",311,310,1
"2020-11-16","GGD IJsselland",135,137,-2
"2020-11-17","GGD IJsselland",111,109,2
"2020-11-18","GGD Hart voor Brabant",389,390,-1
"2020-11-18","GGD Hollands-Midden",279,278,1
"2020-11-18","GGD IJsselland",110,105,5
"2020-11-19","GGD IJsselland",80,82,-2
"2020-11-20","GGD Brabant-Zuidoost",203,202,1
"2020-11-20","GGD Hollands-Midden",221,223,-2
"2020-11-20","GGD IJsselland",109,113,-4
"2020-11-21","Dienst Gezondheid & Jeugd ZHZ",110,109,1
"2020-11-21","GGD IJsselland",113,108,5
"2020-11-22","Dienst Gezondheid & Jeugd ZHZ",106,104,2
"2020-11-22","GGD IJsselland",93,90,3
"2020-11-22","GGD West-Brabant",189,188,1
"2020-11-23","Dienst Gezondheid & Jeugd ZHZ",137,135,2
"2020-11-23","GGD IJsselland",147,146,1
"2020-11-23","GGD Kennemerland",175,174,1
"2020-11-24","GGD Hollands-Midden",254,253,1
"2020-11-24","GGD IJsselland",134,136,-2
"2020-11-24","GGD Zuid-Limburg",156,154,2
"2020-11-25","GGD West-Brabant",199,198,1
"2020-11-26","Dienst Gezondheid & Jeugd ZHZ",140,139,1
"2020-11-27","Dienst Gezondheid & Jeugd ZHZ",196,195,1
"2020-11-27","GGD IJsselland",115,116,-1
"2020-11-27","GGD Zuid-Limburg",183,184,-1
"2020-11-28","Dienst Gezondheid & Jeugd ZHZ",135,133,2
"2020-11-28","GGD Hollands-Midden",243,244,-1
"2020-11-28","GGD IJsselland",151,144,7
"2020-11-28","GGD Zuid-Limburg",153,152,1
"2020-11-29","GGD IJsselland",118,115,3
"2020-11-29","GGD Zuid-Limburg",169,168,1
"2020-11-30","GGD Flevoland",202,201,1
"2020-11-30","GGD Gelderland-Zuid",203,204,-1
"2020-11-30","GGD Hart voor Brabant",445,444,1
"2020-11-30","GGD Hollands-Noorden",196,195,1
"2020-11-30","GGD IJsselland",189,188,1
"2020-11-30","GGD Kennemerland",199,198,1
"2020-12-01","Dienst Gezondheid & Jeugd ZHZ",180,179,1
"2020-12-01","GGD Gelderland-Zuid",191,193,-2
"2020-12-01","GGD IJsselland",196,201,-5
"2020-12-01","GGD Zuid-Limburg",253,256,-3
"2020-12-02","GGD IJsselland",187,199,-12
"2020-12-02","GGD Kennemerland",196,197,-1
"2020-12-02","GGD West-Brabant",295,294,1
"2020-12-03","GGD IJsselland",190,193,-3
"2020-12-04","GGD IJsselland",193,196,-3
"2020-12-04","GGD Noord- en Oost-Gelderland",284,283,1
"2020-12-04","GGD Rotterdam-Rijnmond",490,489,1
"2020-12-04","GGD West-Brabant",294,293,1
"2020-12-05","Dienst Gezondheid & Jeugd ZHZ",232,231,1
"2020-12-05","GGD Hollands-Midden",323,324,-1
"2020-12-05","GGD Zaanstreek/Waterland",128,127,1
"2020-12-06","GGD Flevoland",224,225,-1
"2020-12-06","GGD Zaanstreek/Waterland",126,127,-1
"2020-12-07","Dienst Gezondheid & Jeugd ZHZ",210,209,1
"2020-12-07","GGD Gelderland-Zuid",312,313,-1
"2020-12-07","GGD IJsselland",245,244,1
"2020-12-07","GGD Regio Utrecht",821,820,1
"2020-12-07","GGD Rotterdam-Rijnmond",603,604,-1
"2020-12-07","Veiligheids- en Gezondheidsregio Gelderland-Midden",393,392,1
"2020-12-08","Dienst Gezondheid & Jeugd ZHZ",281,279,2
"2020-12-08","GGD IJsselland",267,265,2
"2020-12-09","Dienst Gezondheid & Jeugd ZHZ",250,247,3
"2020-12-09","Veiligheids- en Gezondheidsregio Gelderland-Midden",457,458,-1
"2020-12-10","GGD Haaglanden",562,563,-1
"2020-12-10","GGD Hollands-Noorden",351,350,1
"2020-12-10","GGD Zaanstreek/Waterland",177,176,1
"2020-12-11","GGD Amsterdam",502,501,1
"2020-12-11","GGD Brabant-Zuidoost",481,480,1
"2020-12-11","GGD Haaglanden",601,600,1
"2020-12-11","GGD IJsselland",297,295,2
"2020-12-11","GGD Rotterdam-Rijnmond",633,632,1
"2020-12-11","GGD West-Brabant",408,407,1
"2020-12-11","GGD Zaanstreek/Waterland",175,174,1
"2020-12-12","GGD Haaglanden",564,563,1
"2020-12-12","GGD IJsselland",313,312,1
"2020-12-12","GGD Limburg-Noord",545,544,1
"2020-12-12","GGD Rotterdam-Rijnmond",588,587,1
"2020-12-12","GGD West-Brabant",409,408,1
"2020-12-12","GGD Zaanstreek/Waterland",192,195,-3
"2020-12-13","Dienst Gezondheid & Jeugd ZHZ",300,301,-1
"2020-12-13","GGD Amsterdam",488,487,1
"2020-12-13","GGD Hollands-Noorden",410,409,1
"2020-12-13","GGD IJsselland",284,285,-1
"2020-12-13","GGD Rotterdam-Rijnmond",600,601,-1
"2020-12-13","GGD West-Brabant",382,380,2
"2020-12-13","GGD Zaanstreek/Waterland",168,170,-2
"2020-12-13","Veiligheids- en Gezondheidsregio Gelderland-Midden",491,490,1
"2020-12-14","GGD Haaglanden",754,751,3
"2020-12-14","GGD Hart voor Brabant",818,817,1
"2020-12-14","GGD Hollands-Noorden",496,495,1
"2020-12-14","GGD IJsselland",359,360,-1
"2020-12-14","GGD Rotterdam-Rijnmond",768,766,2
"2020-12-14","GGD Zuid-Limburg",430,428,2
"2020-12-15","GGD Brabant-Zuidoost",584,583,1
"2020-12-15","GGD Flevoland",395,394,1
"2020-12-15","GGD Gelderland-Zuid",415,414,1
"2020-12-15","GGD Groningen",310,309,1
"2020-12-15","GGD Haaglanden",656,653,3
"2020-12-15","GGD Hart voor Brabant",807,805,2
"2020-12-15","GGD Hollands-Midden",579,580,-1
"2020-12-15","GGD Limburg-Noord",552,551,1
"2020-12-15","GGD West-Brabant",525,524,1
"2020-12-15","GGD Zuid-Limburg",366,365,1
"2020-12-15","Veiligheids- en Gezondheidsregio Gelderland-Midden",581,580,1
"2020-12-16","GGD Amsterdam",541,540,1
"2020-12-16","GGD Brabant-Zuidoost",528,526,2
"2020-12-16","GGD IJsselland",364,362,2
"2020-12-16","GGD Kennemerland",333,331,2
"2020-12-16","GGD Regio Utrecht",965,966,-1
"2020-12-16","GGD Rotterdam-Rijnmond",713,712,1
"2020-12-16","GGD West-Brabant",434,433,1
"2020-12-17","GGD Amsterdam",490,491,-1
"2020-12-17","GGD Brabant-Zuidoost",537,535,2
"2020-12-17","GGD Fryslân",247,246,1
"2020-12-17","GGD Haaglanden",601,599,2
"2020-12-17","GGD Hart voor Brabant",737,738,-1
"2020-12-17","GGD Hollands-Midden",525,523,2
"2020-12-17","GGD Hollands-Noorden",460,459,1
"2020-12-17","GGD IJsselland",317,315,2
"2020-12-17","GGD Kennemerland",328,329,-1
"2020-12-17","GGD Regio Utrecht",906,907,-1
"2020-12-17","GGD Rotterdam-Rijnmond",646,647,-1
"2020-12-17","GGD Zaanstreek/Waterland",196,195,1
"2020-12-17","GGD Zuid-Limburg",416,417,-1
"2020-12-18","GGD Amsterdam",517,516,1
"2020-12-18","GGD Brabant-Zuidoost",512,510,2
"2020-12-18","GGD Gelderland-Zuid",375,374,1
"2020-12-18","GGD Haaglanden",600,603,-3
"2020-12-18","GGD Hart voor Brabant",776,773,3
"2020-12-18","GGD Hollands-Midden",547,545,2
"2020-12-18","GGD Hollands-Noorden",489,488,1
"2020-12-18","GGD IJsselland",337,339,-2
"2020-12-18","GGD Regio Twente",589,587,2
"2020-12-18","GGD Regio Utrecht",886,883,3
"2020-12-18","GGD Rotterdam-Rijnmond",642,641,1
"2020-12-18","GGD West-Brabant",403,401,2
"2020-12-18","GGD Zuid-Limburg",372,370,2
"2020-12-18","Veiligheids- en Gezondheidsregio Gelderland-Midden",592,593,-1
"2020-12-19","Dienst Gezondheid & Jeugd ZHZ",272,270,2
"2020-12-19","GGD Amsterdam",479,477,2
"2020-12-19","GGD Brabant-Zuidoost",489,487,2
"2020-12-19","GGD Flevoland",343,339,4
"2020-12-19","GGD Gelderland-Zuid",346,345,1
"2020-12-19","GGD Haaglanden",576,573,3
"2020-12-19","GGD Hart voor Brabant",681,679,2
"2020-12-19","GGD Hollands-Noorden",457,458,-1
"2020-12-19","GGD IJsselland",302,298,4
"2020-12-19","GGD Kennemerland",331,330,1
"2020-12-19","GGD Noord- en Oost-Gelderland",570,567,3
"2020-12-19","GGD Regio Twente",582,581,1
"2020-12-19","GGD Rotterdam-Rijnmond",590,586,4
"2020-12-19","GGD West-Brabant",389,387,2
"2020-12-19","GGD Zaanstreek/Waterland",189,190,-1
"2020-12-19","GGD Zuid-Limburg",406,407,-1
"2020-12-20","Dienst Gezondheid & Jeugd ZHZ",245,244,1
"2020-12-20","GGD Amsterdam",449,446,3
"2020-12-20","GGD Brabant-Zuidoost",421,418,3
"2020-12-20","GGD Drenthe",231,230,1
"2020-12-20","GGD Flevoland",287,284,3
"2020-12-20","GGD Fryslân",207,206,1
"2020-12-20","GGD Gelderland-Zuid",308,307,1
"2020-12-20","GGD Haaglanden",532,535,-3
"2020-12-20","GGD Hart voor Brabant",589,590,-1
"2020-12-20","GGD Hollands-Midden",470,468,2
"2020-12-20","GGD IJsselland",271,274,-3
"2020-12-20","GGD Noord- en Oost-Gelderland",539,537,2
"2020-12-20","GGD Regio Twente",560,559,1
"2020-12-20","GGD Regio Utrecht",740,739,1
"2020-12-20","GGD Rotterdam-Rijnmond",574,572,2
"2020-12-20","Veiligheids- en Gezondheidsregio Gelderland-Midden",536,535,1
"2020-12-21","Dienst Gezondheid & Jeugd ZHZ",269,267,2
"2020-12-21","GGD Amsterdam",566,562,4
"2020-12-21","GGD Brabant-Zuidoost",493,483,10
"2020-12-21","GGD Drenthe",236,235,1
"2020-12-21","GGD Fryslân",279,278,1
"2020-12-21","GGD Gooi en Vechtstreek",163,162,1
"2020-12-21","GGD Haaglanden",598,593,5
"2020-12-21","GGD Hart voor Brabant",593,594,-1
"2020-12-21","GGD Hollands-Midden",588,587,1
"2020-12-21","GGD Hollands-Noorden",510,509,1
"2020-12-21","GGD Limburg-Noord",434,432,2
"2020-12-21","GGD Noord- en Oost-Gelderland",607,601,6
"2020-12-21","GGD Regio Twente",610,606,4
"2020-12-21","GGD Regio Utrecht",871,872,-1
"2020-12-21","GGD Rotterdam-Rijnmond",637,634,3
"2020-12-21","GGD West-Brabant",371,370,1
"2020-12-21","GGD Zaanstreek/Waterland",165,162,3
"2020-12-21","GGD Zuid-Limburg",375,374,1
"2020-12-21","Veiligheids- en Gezondheidsregio Gelderland-Midden",574,572,2
"2020-12-22","Dienst Gezondheid & Jeugd ZHZ",332,335,-3
"2020-12-22","GGD Amsterdam",471,469,2
"2020-12-22","GGD Brabant-Zuidoost",387,382,5
"2020-12-22","GGD Drenthe",252,253,-1
"2020-12-22","GGD Flevoland",280,277,3
"2020-12-22","GGD Fryslân",258,257,1
"2020-12-22","GGD Gooi en Vechtstreek",130,129,1
"2020-12-22","GGD Hart voor Brabant",722,723,-1
"2020-12-22","GGD Hollands-Midden",497,494,3
"2020-12-22","GGD Hollands-Noorden",519,518,1
"2020-12-22","GGD IJsselland",349,351,-2
"2020-12-22","GGD Kennemerland",309,308,1
"2020-12-22","GGD Limburg-Noord",408,406,2
"2020-12-22","GGD Noord- en Oost-Gelderland",570,569,1
"2020-12-22","GGD Regio Twente",585,583,2
"2020-12-22","GGD Regio Utrecht",805,804,1
"2020-12-22","GGD West-Brabant",337,335,2
"2020-12-22","GGD Zuid-Limburg",371,370,1
"2020-12-23","Dienst Gezondheid & Jeugd ZHZ",282,283,-1
"2020-12-23","GGD Amsterdam",386,379,7
"2020-12-23","GGD Brabant-Zuidoost",371,381,-10
"2020-12-23","GGD Flevoland",263,260,3
"2020-12-23","GGD Fryslân",226,222,4
"2020-12-23","GGD Gooi en Vechtstreek",147,144,3
"2020-12-23","GGD Groningen",234,233,1
"2020-12-23","GGD Haaglanden",507,503,4
"2020-12-23","GGD Hart voor Brabant",624,618,6
"2020-12-23","GGD Hollands-Noorden",451,449,2
"2020-12-23","GGD IJsselland",302,301,1
"2020-12-23","GGD Limburg-Noord",323,321,2
"2020-12-23","GGD Noord- en Oost-Gelderland",523,524,-1
"2020-12-23","GGD Regio Twente",552,549,3
"2020-12-23","GGD Regio Utrecht",655,654,1
"2020-12-23","GGD Rotterdam-Rijnmond",532,525,7
"2020-12-23","GGD Zaanstreek/Waterland",155,151,4
"2020-12-23","GGD Zuid-Limburg",329,328,1
"2020-12-23","Veiligheids- en Gezondheidsregio Gelderland-Midden",479,478,1
"2020-12-24","GGD Amsterdam",347,340,7
"2020-12-24","GGD Brabant-Zuidoost",347,350,-3
"2020-12-24","GGD Drenthe",272,269,3
"2020-12-24","GGD Flevoland",255,254,1
"2020-12-24","GGD Fryslân",246,244,2
"2020-12-24","GGD Gelderland-Zuid",272,271,1
"2020-12-24","GGD Gooi en Vechtstreek",126,124,2
"2020-12-24","GGD Groningen",193,191,2
"2020-12-24","GGD Haaglanden",435,431,4
"2020-12-24","GGD Hart voor Brabant",604,602,2
"2020-12-24","GGD Hollands-Noorden",414,408,6
"2020-12-24","GGD IJsselland",264,258,6
"2020-12-24","GGD Limburg-Noord",355,353,2
"2020-12-24","GGD Noord- en Oost-Gelderland",481,482,-1
"2020-12-24","GGD Regio Twente",446,440,6
"2020-12-24","GGD Regio Utrecht",635,630,5
"2020-12-24","GGD Rotterdam-Rijnmond",530,529,1
"2020-12-24","GGD Zaanstreek/Waterland",161,159,2
"2020-12-24","GGD Zeeland",126,125,1
"2020-12-24","GGD Zuid-Limburg",314,309,5
"2020-12-24","Veiligheids- en Gezondheidsregio Gelderland-Midden",446,443,3
"2020-12-25","Dienst Gezondheid & Jeugd ZHZ",233,230,3
"2020-12-25","GGD Amsterdam",335,330,5
"2020-12-25","GGD Fryslân",211,209,2
"2020-12-25","GGD Gelderland-Zuid",221,220,1
"2020-12-25","GGD Gooi en Vechtstreek",104,103,1
"2020-12-25","GGD Groningen",175,174,1
"2020-12-25","GGD Haaglanden",368,362,6
"2020-12-25","GGD Hart voor Brabant",483,482,1
"2020-12-25","GGD Hollands-Midden",361,360,1
"2020-12-25","GGD Hollands-Noorden",387,385,2
"2020-12-25","GGD IJsselland",269,261,8
"2020-12-25","GGD Limburg-Noord",320,316,4
"2020-12-25","GGD Regio Twente",472,460,12
"2020-12-25","GGD Regio Utrecht",534,536,-2
"2020-12-25","GGD Rotterdam-Rijnmond",406,396,10
"2020-12-25","GGD Zuid-Limburg",292,284,8
"2020-12-25","Veiligheids- en Gezondheidsregio Gelderland-Midden",412,408,4
"2020-12-26","Dienst Gezondheid & Jeugd ZHZ",184,182,2
"2020-12-26","GGD Amsterdam",305,300,5
"2020-12-26","GGD Brabant-Zuidoost",285,286,-1
"2020-12-26","GGD Drenthe",189,186,3
"2020-12-26","GGD Flevoland",212,207,5
"2020-12-26","GGD Fryslân",191,190,1
"2020-12-26","GGD Gelderland-Zuid",226,223,3
"2020-12-26","GGD Groningen",180,177,3
"2020-12-26","GGD Haaglanden",381,376,5
"2020-12-26","GGD Hart voor Brabant",464,456,8
"2020-12-26","GGD Hollands-Midden",340,341,-1
"2020-12-26","GGD Hollands-Noorden",360,355,5
"2020-12-26","GGD IJsselland",237,230,7
"2020-12-26","GGD Kennemerland",200,198,2
"2020-12-26","GGD Limburg-Noord",300,297,3
"2020-12-26","GGD Regio Twente",460,452,8
"2020-12-26","GGD Regio Utrecht",545,535,10
"2020-12-26","GGD Rotterdam-Rijnmond",390,380,10
"2020-12-26","GGD West-Brabant",243,238,5
"2020-12-26","GGD Zeeland",112,111,1
"2020-12-26","GGD Zuid-Limburg",293,291,2
"2020-12-26","Veiligheids- en Gezondheidsregio Gelderland-Midden",387,383,4
"2020-12-27","Dienst Gezondheid & Jeugd ZHZ",218,214,4
"2020-12-27","GGD Amsterdam",313,310,3
"2020-12-27","GGD Brabant-Zuidoost",347,343,4
"2020-12-27","GGD Drenthe",219,217,2
"2020-12-27","GGD Flevoland",205,203,2
"2020-12-27","GGD Fryslân",227,226,1
"2020-12-27","GGD Gelderland-Zuid",242,240,2
"2020-12-27","GGD Gooi en Vechtstreek",116,115,1
"2020-12-27","GGD Groningen",202,196,6
"2020-12-27","GGD Haaglanden",416,410,6
"2020-12-27","GGD Hart voor Brabant",486,478,8
"2020-12-27","GGD Hollands-Midden",367,361,6
"2020-12-27","GGD Hollands-Noorden",397,393,4
"2020-12-27","GGD IJsselland",271,264,7
"2020-12-27","GGD Kennemerland",238,235,3
"2020-12-27","GGD Limburg-Noord",328,322,6
"2020-12-27","GGD Noord- en Oost-Gelderland",395,391,4
"2020-12-27","GGD Regio Twente",478,473,5
"2020-12-27","GGD Regio Utrecht",630,617,13
"2020-12-27","GGD Rotterdam-Rijnmond",409,395,14
"2020-12-27","GGD West-Brabant",244,239,5
"2020-12-27","GGD Zeeland",121,120,1
"2020-12-27","GGD Zuid-Limburg",250,246,4
"2020-12-27","Veiligheids- en Gezondheidsregio Gelderland-Midden",358,351,7
"2020-12-28","GGD Amsterdam",390,371,19
"2020-12-28","GGD Brabant-Zuidoost",383,380,3
"2020-12-28","GGD Drenthe",233,226,7
"2020-12-28","GGD Flevoland",232,217,15
"2020-12-28","GGD Fryslân",232,225,7
"2020-12-28","GGD Gelderland-Zuid",282,278,4
"2020-12-28","GGD Gooi en Vechtstreek",107,106,1
"2020-12-28","GGD Groningen",244,236,8
"2020-12-28","GGD Haaglanden",421,407,14
"2020-12-28","GGD Hart voor Brabant",559,545,14
"2020-12-28","GGD Hollands-Midden",437,430,7
"2020-12-28","GGD Hollands-Noorden",433,422,11
"2020-12-28","GGD IJsselland",299,290,9
"2020-12-28","GGD Kennemerland",246,241,5
"2020-12-28","GGD Limburg-Noord",283,276,7
"2020-12-28","GGD Noord- en Oost-Gelderland",480,471,9
"2020-12-28","GGD Regio Twente",547,525,22
"2020-12-28","GGD Regio Utrecht",628,609,19
"2020-12-28","GGD Rotterdam-Rijnmond",498,476,22
"2020-12-28","GGD West-Brabant",238,228,10
"2020-12-28","GGD Zaanstreek/Waterland",186,184,2
"2020-12-28","GGD Zeeland",166,164,2
"2020-12-28","GGD Zuid-Limburg",282,273,9
"2020-12-28","Veiligheids- en Gezondheidsregio Gelderland-Midden",454,439,15
"2020-12-29","Dienst Gezondheid & Jeugd ZHZ",259,252,7
"2020-12-29","GGD Amsterdam",343,340,3
"2020-12-29","GGD Brabant-Zuidoost",333,330,3
"2020-12-29","GGD Drenthe",218,210,8
"2020-12-29","GGD Flevoland",215,198,17
"2020-12-29","GGD Fryslân",248,245,3
"2020-12-29","GGD Gelderland-Zuid",275,273,2
"2020-12-29","GGD Gooi en Vechtstreek",89,85,4
"2020-12-29","GGD Groningen",228,218,10
"2020-12-29","GGD Haaglanden",400,392,8
"2020-12-29","GGD Hart voor Brabant",533,510,23
"2020-12-29","GGD Hollands-Midden",410,402,8
"2020-12-29","GGD Hollands-Noorden",403,392,11
"2020-12-29","GGD IJsselland",249,226,23
"2020-12-29","GGD Kennemerland",205,198,7
"2020-12-29","GGD Limburg-Noord",254,246,8
"2020-12-29","GGD Noord- en Oost-Gelderland",423,404,19
"2020-12-29","GGD Regio Twente",450,415,35
"2020-12-29","GGD Regio Utrecht",569,550,19
"2020-12-29","GGD Rotterdam-Rijnmond",470,454,16
"2020-12-29","GGD West-Brabant",231,227,4
"2020-12-29","GGD Zaanstreek/Waterland",151,146,5
"2020-12-29","GGD Zeeland",146,140,6
"2020-12-29","GGD Zuid-Limburg",298,287,11
"2020-12-29","Veiligheids- en Gezondheidsregio Gelderland-Midden",392,373,19
"2020-12-30","Dienst Gezondheid & Jeugd ZHZ",259,251,8
"2020-12-30","GGD Amsterdam",278,266,12
"2020-12-30","GGD Brabant-Zuidoost",310,284,26
"2020-12-30","GGD Drenthe",200,187,13
"2020-12-30","GGD Flevoland",167,156,11
"2020-12-30","GGD Fryslân",209,199,10
"2020-12-30","GGD Gelderland-Zuid",211,195,16
"2020-12-30","GGD Gooi en Vechtstreek",99,93,6
"2020-12-30","GGD Groningen",178,164,14
"2020-12-30","GGD Haaglanden",347,323,24
"2020-12-30","GGD Hart voor Brabant",394,363,31
"2020-12-30","GGD Hollands-Midden",334,315,19
"2020-12-30","GGD Hollands-Noorden",326,311,15
"2020-12-30","GGD IJsselland",195,175,20
"2020-12-30","GGD Kennemerland",202,188,14
"2020-12-30","GGD Limburg-Noord",250,229,21
"2020-12-30","GGD Noord- en Oost-Gelderland",366,342,24
"2020-12-30","GGD Regio Twente",400,371,29
"2020-12-30","GGD Regio Utrecht",437,414,23
"2020-12-30","GGD Rotterdam-Rijnmond",380,361,19
"2020-12-30","GGD West-Brabant",186,181,5
"2020-12-30","GGD Zaanstreek/Waterland",139,125,14
"2020-12-30","GGD Zeeland",115,107,8
"2020-12-30","GGD Zuid-Limburg",240,220,20
"2020-12-30","Veiligheids- en Gezondheidsregio Gelderland-Midden",309,283,26
"2020-12-31","Dienst Gezondheid & Jeugd ZHZ",227,221,6
"2020-12-31","GGD Amsterdam",210,177,33
"2020-12-31","GGD Brabant-Zuidoost",280,255,25
"2020-12-31","GGD Drenthe",201,188,13
"2020-12-31","GGD Flevoland",159,146,13
"2020-12-31","GGD Fryslân",182,163,19
"2020-12-31","GGD Gelderland-Zuid",172,135,37
"2020-12-31","GGD Gooi en Vechtstreek",93,77,16
"2020-12-31","GGD Groningen",147,127,20
"2020-12-31","GGD Haaglanden",276,249,27
"2020-12-31","GGD Hart voor Brabant",362,323,39
"2020-12-31","GGD Hollands-Midden",276,248,28
"2020-12-31","GGD Hollands-Noorden",265,240,25
"2020-12-31","GGD IJsselland",184,211,-27
"2020-12-31","GGD Kennemerland",146,130,16
"2020-12-31","GGD Limburg-Noord",254,221,33
"2020-12-31","GGD Noord- en Oost-Gelderland",320,285,35
"2020-12-31","GGD Regio Twente",327,273,54
"2020-12-31","GGD Regio Utrecht",411,355,56
"2020-12-31","GGD Rotterdam-Rijnmond",344,312,32
"2020-12-31","GGD West-Brabant",181,154,27
"2020-12-31","GGD Zaanstreek/Waterland",97,89,8
"2020-12-31","GGD Zeeland",87,79,8
"2020-12-31","GGD Zuid-Limburg",212,172,40
"2020-12-31","Veiligheids- en Gezondheidsregio Gelderland-Midden",256,219,37
"2021-01-01","Dienst Gezondheid & Jeugd ZHZ",163,140,23
"2021-01-01","GGD Amsterdam",170,134,36
"2021-01-01","GGD Brabant-Zuidoost",225,184,41
"2021-01-01","GGD Drenthe",139,107,32
"2021-01-01","GGD Flevoland",125,99,26
"2021-01-01","GGD Fryslân",137,99,38
"2021-01-01","GGD Gelderland-Zuid",162,117,45
"2021-01-01","GGD Gooi en Vechtstreek",52,40,12
"2021-01-01","GGD Groningen",109,89,20
"2021-01-01","GGD Haaglanden",241,173,68
"2021-01-01","GGD Hart voor Brabant",323,234,89
"2021-01-01","GGD Hollands-Midden",206,161,45
"2021-01-01","GGD Hollands-Noorden",238,187,51
"2021-01-01","GGD IJsselland",155,144,11
"2021-01-01","GGD Kennemerland",115,86,29
"2021-01-01","GGD Limburg-Noord",203,166,37
"2021-01-01","GGD Noord- en Oost-Gelderland",263,192,71
"2021-01-01","GGD Regio Twente",262,185,77
"2021-01-01","GGD Regio Utrecht",337,251,86
"2021-01-01","GGD Rotterdam-Rijnmond",226,196,30
"2021-01-01","GGD West-Brabant",141,106,35
"2021-01-01","GGD Zaanstreek/Waterland",90,77,13
"2021-01-01","GGD Zeeland",61,48,13
"2021-01-01","GGD Zuid-Limburg",184,122,62
"2021-01-01","Veiligheids- en Gezondheidsregio Gelderland-Midden",174,105,69
"2021-01-02","Dienst Gezondheid & Jeugd ZHZ",131,122,9
"2021-01-02","GGD Amsterdam",144,129,15
"2021-01-02","GGD Brabant-Zuidoost",185,136,49
"2021-01-02","GGD Drenthe",120,60,60
"2021-01-02","GGD Flevoland",78,68,10
"2021-01-02","GGD Fryslân",119,61,58
"2021-01-02","GGD Gelderland-Zuid",115,55,60
"2021-01-02","GGD Gooi en Vechtstreek",36,24,12
"2021-01-02","GGD Groningen",93,61,32
"2021-01-02","GGD Haaglanden",189,94,95
"2021-01-02","GGD Hart voor Brabant",268,156,112
"2021-01-02","GGD Hollands-Midden",195,125,70
"2021-01-02","GGD Hollands-Noorden",134,77,57
"2021-01-02","GGD IJsselland",184,163,21
"2021-01-02","GGD Kennemerland",115,61,54
"2021-01-02","GGD Limburg-Noord",132,81,51
"2021-01-02","GGD Noord- en Oost-Gelderland",179,90,89
"2021-01-02","GGD Regio Twente",191,136,55
"2021-01-02","GGD Regio Utrecht",231,141,90
"2021-01-02","GGD Rotterdam-Rijnmond",197,233,-36
"2021-01-02","GGD West-Brabant",109,56,53
"2021-01-02","GGD Zaanstreek/Waterland",65,35,30
"2021-01-02","GGD Zeeland",56,36,20
"2021-01-02","GGD Zuid-Limburg",104,71,33
"2021-01-02","Veiligheids- en Gezondheidsregio Gelderland-Midden",140,97,43
"2021-01-03","Dienst Gezondheid & Jeugd ZHZ",106,116,-10
"2021-01-03","GGD Amsterdam",121,175,-54
"2021-01-03","GGD Brabant-Zuidoost",137,70,67
"2021-01-03","GGD Drenthe",45,25,20
"2021-01-03","GGD Flevoland",55,65,-10
"2021-01-03","GGD Fryslân",60,19,41
"2021-01-03","GGD Gelderland-Zuid",52,32,20
"2021-01-03","GGD Gooi en Vechtstreek",26,14,12
"2021-01-03","GGD Groningen",43,24,19
"2021-01-03","GGD Haaglanden",135,81,54
"2021-01-03","GGD Hart voor Brabant",191,150,41
"2021-01-03","GGD Hollands-Midden",107,136,-29
"2021-01-03","GGD Hollands-Noorden",79,46,33
"2021-01-03","GGD IJsselland",127,109,18
"2021-01-03","GGD Kennemerland",42,20,22
"2021-01-03","GGD Limburg-Noord",63,26,37
"2021-01-03","GGD Noord- en Oost-Gelderland",88,128,-40
"2021-01-03","GGD Regio Twente",111,151,-40
"2021-01-03","GGD Regio Utrecht",173,171,2
"2021-01-03","GGD Rotterdam-Rijnmond",208,207,1
"2021-01-03","GGD West-Brabant",67,24,43
"2021-01-03","GGD Zaanstreek/Waterland",26,18,8
"2021-01-03","GGD Zeeland",28,4,24
"2021-01-03","GGD Zuid-Limburg",54,87,-33
"2021-01-03","Veiligheids- en Gezondheidsregio Gelderland-Midden",138,200,-62
"2021-01-04","Dienst Gezondheid & Jeugd ZHZ",139,36,103
"2021-01-04","GGD Amsterdam",178,19,159
"2021-01-04","GGD Brabant-Zuidoost",105,1,104
"2021-01-04","GGD Drenthe",31,3,28
"2021-01-04","GGD Flevoland",32,17,15
"2021-01-04","GGD Gelderland-Zuid",61,155,-94
"2021-01-04","GGD Haaglanden",96,14,82
"2021-01-04","GGD Hart voor Brabant",193,59,134
"2021-01-04","GGD Hollands-Midden",118,69,49
"2021-01-04","GGD Hollands-Noorden",29,15,14
"2021-01-04","GGD IJsselland",101,13,88
"2021-01-04","GGD Noord- en Oost-Gelderland",93,70,23
"2021-01-04","GGD Regio Twente",199,28,171
"2021-01-04","GGD Regio Utrecht",109,57,52
"2021-01-04","GGD Rotterdam-Rijnmond",167,10,157
"2021-01-04","GGD Zaanstreek/Waterland",45,44,1
"2021-01-04","GGD Zuid-Limburg",99,11,88
"2021-01-04","Veiligheids- en Gezondheidsregio Gelderland-Midden",182,82,100
